%# iteration evaluations sigma void fitness_of_recent_best x_of_recent_best(1...dimension) (randomSeed=1488526527682, Fri Mar 03 16:35:27 JST 2017)

1 50 0.10553467224742566 0 1.7285856277500233 99.95432788111798 99.98579086739792 9.918539551750666 99.92608111134034 99.80918073557442 99.88500754659596 100.01918036073198 60.040205702226565 10.060265130528949 199.9906137345345 100.00564079100849 99.92402065752064 9.947496549675412 9.971792503027052 59.995366243362525 10.042930829388576 199.8069807747752 100.13199296430828 99.98386976285978 9.999987538975978 9.954532986745598 29.783778838687528 29.848091861051735 29.941134743609357 
2 100 0.11272668142912645 0 1.7853292961765128 99.96284760036073 99.99394788543584 10.14134240188642 99.97739016438587 99.84899133605336 100.04670183611637 100.03446714412821 59.91894637652504 10.118413143805482 199.89767560188577 99.82390831186507 100.13223427767639 10.017814514433175 10.03736200378532 60.0366370689022 10.284327257790292 199.94929425351378 100.02134163559009 100.04698782337188 10.017524469089695 10.128283479163253 30.159516666458202 30.10142755771901 30.161048179441504 
3 150 0.12940806378597042 0 1.7369031921387421 99.78950669134792 99.85490678041526 10.165049102076187 99.91980484048025 99.84697024666377 100.17603249113212 100.05788990559003 59.77548971182804 10.22961762365511 199.6637130725579 99.81429044883444 100.0368183996438 9.893366413234643 9.865278574786988 60.033437020418724 10.098019137685762 199.94989422390898 100.12790266202185 100.0041999635386 9.779124742854757 10.04912000201467 29.821227336865594 30.01901292013137 30.017299963293105 
4 200 0.150617989198236 0 1.7394578167612802 100.00290291213012 99.7914438212542 10.235983800123622 99.93712703673114 100.09364535205306 100.17924421695095 100.18588116104033 60.03533910996835 9.965440625849599 199.8301370183781 99.89243582966512 100.06562922504327 9.850019340001602 10.11416971572429 60.27774775542306 9.735283880954679 199.81035041917423 99.83067764494699 100.05422082371261 9.867936079252482 9.882749981699963 29.56144190612704 30.082318686114817 29.92873692657001 
5 250 0.17737624752786613 0 1.6745490463668526 100.22485698502675 99.89701886874475 10.47054023206872 100.03005379300721 99.82405712923452 100.0083311309983 99.88302752934119 59.93477526957549 10.071837131859352 199.90043808807948 100.01995782343951 99.99105656667605 9.721576046343634 9.786602588113585 60.222941464196936 10.211604588340634 199.7578891644942 99.94516500850489 99.92335254524849 9.795017107972527 9.884712099156834 29.898088668507103 30.272089035300592 30.158109222791136 
6 300 0.1926108298594269 0 1.7157427604510107 99.83696605542015 100.27231452180678 10.159545232514304 100.2787467592213 99.96412851224282 99.5484525795266 99.94430249161361 60.07882562257827 10.154610745893574 199.81540872867785 99.8636961660908 99.98377370849046 10.149431372271275 10.137108567200297 60.29736869831106 10.01843963901686 199.97492015579172 99.9520780965367 99.94868094047767 9.8617016233514 10.16182399551159 29.98115952278317 30.184137539819872 29.8554820363379 
7 350 0.2064648846380465 0 1.6678361221375093 100.03881197578222 99.984409960207 10.332443427440557 100.19753133198947 99.77799273028951 99.81819118918942 100.0610733445826 60.32938611398624 9.623267324082445 199.77264164252583 99.62461903007102 99.67083995510369 10.08606831049075 10.30782121930845 59.998417371366656 10.010911355593244 199.58461770200591 99.87168871777433 99.6829235478805 10.23804577308857 9.850318329861368 29.447475917562063 30.533774476800062 30.02528061665327 
8 400 0.21032152032646395 0 1.6492041306950906 99.74133767263585 99.8706655385557 10.484345002785368 99.66772723171367 100.24962675614306 100.46608587681449 100.09806229470402 59.74506673055454 10.004956476319302 199.86843735601477 99.80935383169508 99.6718467941032 9.708215867455232 9.87550284737725 59.89362122292402 10.367006397749694 199.53144669011292 99.91208720046772 99.75380713843782 9.87887333948771 9.998757180644143 29.783641315400068 30.43963159638488 30.189578785638915 
9 450 0.22276211156234493 0 1.5560860769714746 100.00500444080947 100.09686756547134 10.411122555232845 100.03979256119756 100.10993872478375 99.87956003955138 99.8487329314611 59.666868419988795 10.18894542571212 199.72506824210055 99.50245848324025 99.62093506452688 9.899530714092442 9.968871910023836 60.33979296337155 10.232305779625387 199.70303715380018 100.59420298725891 99.92355328328276 9.903545330939613 10.446016355462774 29.67768980328131 29.8794025553026 30.42987004344771 
10 500 0.2546050640783415 0 1.5627243324897666 99.89994000174963 100.05260557868036 10.808138042586876 100.06099133044334 100.0027703541185 100.11410872261347 100.1705700115374 59.940083091126944 10.580903008317039 199.27927711164529 99.84545296778698 99.82758983301561 10.714278229663986 9.787572597185484 59.6973698169119 10.005898001732321 199.84659853958752 100.16913954150948 100.28678175943315 10.003155438386047 10.049002671788905 29.292488075212606 30.106728035281495 30.298473210781506 
11 550 0.29129126810616035 0 1.5037640173211397 99.73942373035125 100.22888768793513 10.884929054262194 100.01325199540459 99.7155606527037 99.90349971204742 100.2009362637832 59.83810306537083 9.828994101063925 199.63658771648812 99.56345395787726 99.74839554412924 10.073096734638563 9.909161462027088 60.42127411332127 10.665356415515701 199.6053389856276 100.14083063596077 100.41844877154834 10.084357036841112 10.690915041856952 29.542452841080827 30.340478617616778 30.223383459401052 
12 600 0.3485143138205639 0 1.4200483633914598 100.04917187126756 99.863031124724 10.883333209884357 100.11037530901254 99.80371209066419 99.75018948716124 100.20592928401942 59.844373421870735 9.648223558752107 199.7723743236101 99.8139881818781 99.62071201067126 9.90414781914658 10.233721941210643 60.10816810359835 9.888890700123849 199.15327614351892 100.38619407707095 100.40379383000727 9.920689013398201 10.237368876233212 28.6001114959063 30.002848986484388 30.214074721851123 
13 650 0.40971194879100353 0 1.4667885085082866 99.61496963869564 100.12664920851948 11.064130114304891 99.70968114803566 99.26308564009955 99.2323091287196 100.58149253606743 59.98242449043359 10.503971296958825 199.676142208873 99.65308197683936 99.84551602496185 10.4172897025766 9.900024179216103 60.628778923646806 9.612945249796649 199.51982741172299 99.9804775785498 99.83882226532931 9.770689716979739 9.993695042596082 28.862658904054307 30.546048029805515 30.171692493572344 
14 700 0.5260796558095502 0 1.2598270449410864 99.68524101595096 100.53035920444475 12.031614873911419 100.7644704796701 99.1525366469476 100.08778077359935 100.38443114861825 60.428019226631875 10.493907112093238 199.58588650737892 99.60051088322105 99.62775976744263 11.42337981828715 10.880820745468451 60.394770271648184 10.566868339221104 199.94284990816902 99.57303501059936 100.67297071303756 10.749774790221533 10.537881690628586 28.414978405738196 30.630484577651323 30.538136231563108 
15 750 0.7034661011256749 0 1.2546363256192588 99.73341937187786 100.94740986543118 12.33493428691773 101.7182865260435 99.22033849494329 99.35164800931784 100.38219463903874 60.2821695872132 9.85260068282247 199.02822047658483 99.3662805096042 98.32028368064285 10.927026524330639 10.584059379177225 60.08391643668997 10.518420951610223 199.25508022409534 99.98368967240634 100.88992352222448 10.753480690182728 10.798185619064208 28.056290247102144 31.314209759791094 30.808896622573457 
16 800 0.8859664191787467 0 1.2390931255278486 98.40018867564501 99.85194393426188 11.802929579586571 100.47676748913278 98.87047537478888 100.37409505352095 100.9979088926302 60.70791510928264 9.587364558772292 198.87197891077903 98.40821224789111 99.38402647527757 12.063835028404034 11.270948602428426 59.95668835893431 9.924558390943227 199.75235194354568 100.32029588459751 100.38778924976799 11.376826429894216 12.200289717355517 27.787632184198095 30.546846004201477 29.65233788392724 
17 850 1.1260703283352893 0 1.1979376398672281 100.77353888888975 100.01120179153453 12.698619374866492 99.23950220028466 100.16924258054564 99.67312258674026 98.33326748865906 58.66113728366956 10.750756298704715 198.94916215883904 99.4630879337805 98.50327096937274 11.371073596810117 9.991129330595149 59.27623595553048 9.681429857513404 198.26530170567602 101.15747929499459 99.92371564765949 10.121627337145835 11.717037397757332 26.74417449963753 31.80976197180233 30.692443810785843 
18 900 1.3413942743667797 0 1.1428033765742482 99.25878837749791 100.74594891127474 14.176741146189627 101.17301906990156 100.58216361973125 98.6354826848246 101.24489251268695 57.58244150350888 11.447645309006019 198.36125969531219 99.96091152991215 99.54253522198987 12.596446181266511 12.378545891554257 60.26129752509733 10.952965836131296 199.7710064931543 99.23144388004577 100.83547177649575 12.636169801245796 12.369529355177896 27.030669423144968 32.75831951907006 30.117447697838724 
19 950 1.6517336614584597 0 1.134172966205789 100.48877687998784 101.66160662203788 15.083481205792879 102.53132701544303 100.49513661975745 100.06055572848473 102.01203236871584 59.21834023158681 12.413723901617768 197.44079263945488 97.93129169962455 100.4553272666576 13.595767953044223 12.790551731885387 59.47453997131677 9.548692640808133 199.05081021608984 98.94765142009143 101.68993794126436 14.141624750205473 11.898521433406724 27.650665102873628 30.55339714707764 32.45382559423076 
20 1000 1.978113765370188 0 1.1259362807496518 98.83282905266977 99.92608785707952 14.76744062919534 99.73069776528037 98.15214062669163 100.43432610246722 103.01173524796536 57.66393396478456 11.295112825142265 197.62162684682576 98.21509771721604 98.11252741998318 12.014382139209454 12.19647622288498 59.19782060765387 8.366397903546174 198.59319664879285 103.58997787898608 99.1994144032773 13.753156455584188 12.618187031332571 25.93363129534093 31.264712130469196 30.713407504562184 
21 1050 2.330378434320051 0 1.1198039054235187 96.4362325375043 102.29660541971627 15.232123405251627 102.77352292623297 100.74424382254051 100.09205610257888 102.91711238162519 61.62617660536351 6.66052731383844 197.17650947836785 96.52141788362893 95.90971478783487 16.88434131305043 8.899408561326759 60.47761881948316 10.268560673698161 195.7378400437946 98.90625329281994 98.9145613903432 16.027839651152295 14.140776400068162 25.26341721377192 31.452635476747513 26.641637665367572 
22 1100 2.9511717864309346 0 1.074266030789512 95.55975778727948 96.5093443820505 20.86818973065425 103.22140086060008 96.2236017413027 99.50497255861492 102.5562793886674 59.12217214318101 12.118039758395124 195.07511471758707 103.71721199718938 98.03080030645282 15.502695804547857 10.253947550156912 56.288809449333044 6.613478384669113 196.59360860867176 97.90063173422926 100.1121336086377 17.57481303073381 15.580415807263192 26.124432099627356 32.964395488330545 26.595442688772245 
23 1150 3.5110883700998605 0 1.0646540370174495 99.44623519790332 97.52481824215856 18.576919620085288 95.14684149024751 102.65276729163884 99.83911967723662 106.52722289074534 61.198622205437104 10.244973182996173 194.15984882720147 95.18502037186785 98.10074054156517 15.382969860940754 18.156181232995195 58.652719754537586 10.603722518096884 196.74907156721628 94.96058769147706 100.67057831108279 20.26103671265001 16.514228904671427 29.05503483268359 29.344364686150076 30.61439845641883 
24 1200 4.046079290356828 0 1.0751132827649268 100.77479523843124 98.05595089167385 16.115322563718877 103.81425056827695 99.73566275604448 95.02722293353379 95.62664901341911 58.430546912823274 10.72820795467784 198.1236847554771 96.51472170465104 89.63052917111665 12.224084796518783 12.503787770028081 56.32190460056582 8.61239905859342 193.64325377264197 103.7607332694103 94.99490535477393 17.272913288451313 16.333670403521772 29.27048974373552 35.021742512693045 22.28106092409149 
25 1250 4.512561790011865 0 1.086149298222811 96.8990083527807 93.089842629071 16.83835709429379 104.89810864888926 97.17444880662124 100.88201251556784 95.67600603018575 59.114373423864464 1.8420941858603879 190.78431431257044 95.11432333297303 89.86972006680669 15.177634091100328 8.346384972642138 60.248505659181475 8.735715592572234 194.99035464946388 101.08734087849463 97.37750151840142 17.993218575966335 19.9810664651212 25.697229324790197 28.78278214491547 28.2763520588716 
26 1300 4.960873535355952 0 1.079074206391989 94.59106541703301 99.18894850726817 22.045065741583272 98.64729062055902 98.87224504694575 102.02715206298731 103.9353793632462 57.65752310657676 7.451059421689268 191.02604686908896 95.31823061909847 95.78939545793567 14.315464293938401 11.985729741107649 60.59218197090616 7.315676475645529 193.88756757415507 98.92930705775322 96.04737970452376 18.348113232908343 26.878942597031628 30.579494938268464 34.14499267184623 26.97634927223385 
27 1350 5.068687811257499 0 1.0714821774990215 106.03556505356933 91.92463344136938 21.617210061506604 102.29843369539988 114.67373476886593 98.67946299279308 99.35944362313359 49.034700024011066 5.713877196692545 193.26182454801688 97.69986038587894 98.51127614019552 13.331114496693473 10.675089587679322 48.077223792934134 5.2776424489136655 192.1842317633519 101.35655699685583 91.92958566732183 15.878470708429749 16.152947261938998 26.98024294524787 33.506240466712306 29.302800651398673 
28 1400 5.093513528927604 0 1.085806591144504 89.61437391110344 95.68654205877529 18.643548713487498 101.88036158247054 104.10287220263581 101.19063419688447 91.99915096730969 61.60203177784776 6.978778855623664 198.93791716538243 95.8619742884369 93.09254780251581 17.250016368296055 11.85783309157717 64.76129078988792 3.393023212997491 191.4617959527588 100.70116630566073 101.64047177178892 18.282484194815474 19.981913319074014 28.298080603584 28.076141111168358 19.895402671917203 
29 1450 5.271494818870819 0 1.0849665821609096 97.92010003828494 95.25757336863394 27.079900536062024 105.66496096868993 103.94690815302378 111.82267037912078 95.71520838572144 55.19948474984015 10.825894675712284 196.86758075124263 92.8167955449693 97.8204762160885 15.849913741809095 7.859968885586756 53.332537580528374 3.0738401468121856 194.2507523641093 96.09887012377895 98.36021090681953 14.764031253912169 11.690155254078316 25.734252034028486 32.99232496066412 16.988802123587398 
30 1500 5.4620912517327085 0 1.0850542396681413 95.85062571495256 85.925980765858 27.983238974369204 110.39263073358319 108.56291604599329 106.84638845599297 106.1235040963994 42.794388328887166 10.144979553493881 190.70368618565374 84.91506438597337 100.11231259415146 12.553589023082814 12.781925971851742 54.03931113833663 6.069178596418093 190.7408973559947 106.41289206196922 82.67227552035234 14.030635041068765 12.765774897776701 29.919271470978373 30.17956997233204 33.97295634375337 
31 1550 5.811493947505698 0 1.0831353733224398 108.00575507904412 86.14177446577133 20.385383036370133 104.91421162583802 109.84148908286338 101.61114576634138 99.50377720355654 60.76674200304289 5.450933043813036 184.6134769632273 98.79524766897613 94.33535079790846 12.811286914299137 17.646620584417697 58.705336292669415 0.746211202853547 185.6040656596305 112.75217228010641 94.14979565167694 18.464935537734306 19.984607559218844 30.23923972965348 25.052511497795063 20.358910140062868 
32 1600 6.232655522793414 0 1.1164641718923458 99.43792411951907 91.55838304887085 35.56697276550833 100.41070783670436 101.35245796826092 103.15819375721911 103.54212432873145 63.632102121202465 2.6444863719339198 194.51648841526168 89.32085470753671 87.35841771753792 8.763543474197085 15.021380741595323 53.93031280452585 7.492757266118488 181.5565747429155 104.30614292120727 90.27882065036921 16.31062483932251 6.397980981200284 24.699894125648143 26.856070549520553 18.240022112306164 
33 1650 6.6250194086401715 0 1.087899951466078 88.91470261769786 98.30365682153167 37.13884654137057 106.85345748242422 106.90337599032193 104.4987227956767 103.61427352729095 62.97997505951201 6.631785349402625 192.02547308770042 96.7026810904868 89.28901324583772 11.531235033127638 23.87186400891337 52.944990944435844 9.116672050387283 194.0038389041802 101.113221544602 99.03232727010563 13.412776999126558 12.666719795289444 21.810704207576315 26.90476561753571 23.209063853901533 
34 1700 7.216476319273235 0 1.0802296761925199 97.50843117102724 100.12117630841301 22.76137747031706 95.81889601566279 117.25961036868875 102.23579081414249 107.64272413860976 61.40514251827504 6.605825077319874 190.67056355296157 89.59067781873483 89.83457417800157 13.528314500805733 25.2090086388889 47.76143328072395 10.579637066822546 189.34376651370314 99.8729184915663 98.78233742084079 16.248034021162756 24.69881815861278 27.030846869226085 22.11957545965347 15.164626783300186 
35 1750 7.195923051778684 0 1.120968744094041 107.7930562342159 87.84346157876294 30.651793488608753 108.08307042209758 108.96168869006857 101.43770076129056 100.82774869186763 59.64701954859296 15.048540570455 194.20478886030145 96.88048753015559 104.34287817209737 10.178550929012465 9.005899054797998 46.18038349607689 13.021929325586036 182.06750682419934 108.96756085620883 77.44962107161105 14.354204557901383 15.985656346289273 27.173939536306566 20.47197442659744 13.609824750482552 
36 1800 7.423149551872631 0 1.0804615775291968 94.79515804874794 87.58491879468241 39.836064281941354 105.50016678978838 101.70147079450939 108.56458877013138 94.88335127182148 57.32927450545794 9.357052094159936 178.68660970842564 89.92443629000353 88.90689423986039 12.203225867091607 10.698931674325513 61.635174095407145 8.187090254462145 183.00512561385526 111.16437504541774 87.28799408645749 15.538794495454697 24.02064586833081 24.94004547150407 20.12575123242062 9.141356220508882 
37 1850 7.286678977912197 0 1.0749083744037522 109.71925834138774 91.95283804791606 30.322365262546153 114.8605779062709 107.46806753303663 110.26579528715307 94.88160274234382 55.44752914528756 9.974607578610968 190.72972072632007 90.62085015918264 106.35421633007807 15.695192248384842 10.927754851679943 65.69682090773372 7.067174252660882 186.60564767792843 115.87151797319135 94.69732981980599 18.896439897824216 20.02178463131369 34.313059924547964 32.537979480815814 11.402330959039887 
38 1900 6.795414309713583 0 1.0747584930586829 95.59533563380893 87.87792526788537 34.362719617702496 110.239720361236 123.97745676275206 113.09428978150133 97.61978113716972 66.79901105157198 13.6171035317006 185.8973002362519 101.41336141101023 91.1673448923051 18.097477646622735 24.416156002306597 53.26743668146202 8.44802392701018 182.45246768159262 107.5874436330985 83.91269495950229 14.123970736930879 16.268742909677545 24.142772260953187 19.87389501880284 17.573799713167162 
39 1950 6.450074135677657 0 1.0885765970036803 91.40957904435055 87.77139148449118 45.87184015046257 110.13087170620209 111.46239849941321 102.37567647285564 104.71480535476084 60.160328942679186 5.238876357592087 182.62832717459727 87.69638949220754 91.41467514212381 15.699919591633138 18.396724345577514 53.696037848844384 6.985179028450928 190.4102630863317 124.72687905396242 93.19517118586631 14.074356496317607 19.54466962773238 37.074326684377 21.6455636186904 11.763599794953116 
40 2000 6.2062801362900615 0 1.0789740708989746 105.22024969349253 89.2042135331887 40.71875724656772 114.10229210782792 111.41427222653608 105.7227923768108 100.50191884732916 64.37861665409254 5.055966568320679 186.08768801363652 93.3403490112752 88.29099981510242 12.138753708075981 36.39552084488799 56.100594797908336 11.326972728942142 180.82515861713708 112.69442451864369 83.11790367154669 16.285975090008307 29.785140878600295 25.024748660928967 23.98725702350938 5.236972856946188 
41 2050 6.085801593421018 0 1.0710411435153413 89.52801064772929 88.25186213178537 44.036643256008574 107.31333103018545 117.58533368825312 105.63613050957052 96.46829473212541 62.35359689966078 10.134153574404062 190.26354070950765 89.54716676245235 83.69356502950181 16.974484910274132 27.487302207544204 53.54187858902541 3.7389622921091537 189.6761221165328 99.39186293686036 92.9215380858128 13.569514768211326 34.29131718824965 36.09954062187246 30.328152094827747 5.65471382744394 
42 2100 5.914741627641355 0 1.0754679806364964 98.86061570652045 93.31223433737513 44.88695169360689 107.93452293515918 117.0486732526557 109.94621601531988 84.74100371884029 57.94254665147718 7.487480488658006 181.41924862935505 85.29561936301026 88.36674379497134 14.749476565545582 25.620182879059254 52.04560336482461 9.657141108913912 182.17912684819055 97.71462315284437 88.4688873500067 15.931179600761144 32.595152115233425 33.20681661084954 26.899837797998583 5.475113305499574 
43 2150 5.812846714321778 0 1.0685578396597506 94.84391603861593 92.96443299888652 37.50776520023809 105.6881525034191 100.73267326186769 113.16115665436917 91.96912691154387 57.60506030473758 3.126514219693954 181.65404411105013 91.54485019972917 90.83291338701994 13.190679456374138 24.69090712831317 52.96586938513496 3.6088658219177248 185.5099739425987 111.05267481597738 103.72517147639692 17.846261014496207 34.382090031434664 33.479866649053356 24.34343052882264 15.257613888737133 
44 2200 5.963610567527999 0 1.0663341440358354 96.44559412433335 91.86126485057859 41.83609909447325 112.54658765737645 116.99359797951203 111.3946316931807 92.94027555132922 57.796001670186165 8.210776616222933 180.31726979135283 93.83343448906356 99.52654192136013 16.919905341836376 15.145857430984012 51.271184865676815 9.047435925575435 191.92026620460345 106.42905944893383 90.93381769168154 15.391759144938774 16.928127877353297 26.373519212040243 35.51375568929212 12.606397602726995 
45 2250 5.626734451744482 0 1.0675281552650988 95.19176027141667 97.29423494565016 45.014733586196115 103.75092477645882 103.9701482997032 112.99097866161021 96.33953840718429 61.46659932784878 2.5124271626861487 195.064368232406 92.1127814442994 87.5529640231353 13.572123952493442 27.93341167303783 56.28969281564436 3.1081844340091687 189.03375193090082 106.77236271967065 80.04698249041705 14.064571155450945 18.544779621189228 34.497181176663325 23.582581207368328 22.04286110665105 
46 2300 5.6660511398361155 0 1.0639693263724783 96.84260637309653 85.10466269486484 31.33456168837418 107.2099263746233 109.2121599367874 113.74955201226086 91.08145866979875 55.51188574290036 10.987021306449593 181.23620082938766 96.61225053764319 100.46733998990514 14.965864741097963 22.720015526445604 60.019229562403794 8.798889913343082 189.46982136913985 110.6407444315368 82.42604431333761 15.433806227659911 23.119925336046048 36.237674510145965 28.897320725230273 19.61790131514766 
47 2350 5.89862193889923 0 1.0725511124139508 94.11761075803003 83.02147613887 41.217748477015 110.76284759003728 108.13540333042364 118.74171554031543 89.41246624673752 56.17044960131762 10.30297653049731 176.03341689446066 81.15206563328594 80.45099544113192 14.334456410494047 28.84405083311347 46.611720066666635 5.765073554421527 188.1501640916062 110.70163882386011 85.60714843156298 13.287275445275917 23.413616537236926 36.62334320798293 29.901527442653098 25.423335491858637 
48 2400 6.080156315682257 0 1.0669479661015133 96.17343896100941 87.72788781612248 42.054650224758475 114.5093024438885 117.19262263917207 125.31083235243429 91.31199759203831 63.17692625023844 10.743060273681044 184.42961789482314 92.0258172988749 88.91146711192276 17.45810064383901 23.052862897706795 57.638741042344556 10.560970279734317 189.51145845889567 106.86709272162815 94.51712243761597 17.575827267033812 28.164095468707686 32.83434398023956 34.845062300871234 16.17360483136257 
49 2450 5.74494896955445 0 1.0546656488508324 114.07334562737795 83.56298947350056 27.37413615077971 110.2028308874637 109.64172776307004 105.75708474796261 81.03597296911242 67.56508179724283 3.4164898149391307 182.98759118847275 96.92956611015106 91.53744595279257 12.177472399172334 29.78212292815128 54.37204739601559 0.32646372442535565 188.46398090921573 109.05655121219652 88.30069163749364 14.935838463923123 26.335261172514745 27.223317191089006 29.267324821438766 12.413146693251353 
50 2500 5.401793459534724 0 1.065520690068824 100.34061569128131 80.79179587851749 48.56224338454334 109.6585843824493 110.47503576392708 111.30697772415022 85.61165614464035 66.5819504198417 12.871930720724892 187.49167909409266 87.43370558821917 87.87127024575501 15.249879081359808 33.64990157674678 56.47142287579285 7.943516162494002 182.82482185291937 114.89057173946105 71.1123745892772 13.952451884421983 26.392058777528636 26.957880546660714 22.29326219181494 15.967268413919697 
51 2550 5.487648168529087 0 1.071546581194695 102.044883003634 87.43527112106936 37.709570708756615 119.67430662696259 101.75227068122933 107.76734249961105 84.59512141011943 44.78728787688415 11.72550718103074 177.7444611742306 90.04972384290704 82.60057028760257 9.952804749540674 41.21868046532652 52.9599468937185 9.373121678694531 184.08129126489774 112.40962050644467 96.47565950769766 16.016099955346892 31.793774729844294 35.68953342834506 38.34985937168618 19.07733386044945 
52 2600 5.411492849595713 0 1.063577000169133 83.04350832294702 91.45396016611546 36.98192856847349 116.26501065908008 105.45411514623854 109.26149512418192 85.62011826773269 52.07661971589889 10.225747201408954 197.26001913208893 92.37535753095135 88.95363316204771 13.064607831227056 30.716774716317776 56.77792183123449 3.680077636549422 182.4380904371549 109.63470807879172 85.83889880676838 12.004714767783984 31.35931515599731 27.6140116125803 30.045653209341836 9.711435358197619 
53 2650 5.534672860065797 0 1.0604650943673253 91.21634939967983 86.1739273034935 43.55088333910286 112.29653972716616 104.4462977745564 111.40333890463543 89.49157164254201 55.60607084012956 5.743781673830281 188.18374784289557 86.19624579981335 81.1361284920005 12.144281368950734 36.89361736760305 55.30989963719461 7.399304124438661 184.5038169659012 107.61613574692036 84.35181172899523 15.671603902933551 40.17312978688634 28.317723507750102 42.01372589696881 1.3834613414165897 
54 2700 5.481387952052783 0 1.0681636897056652 92.91394413339931 88.02789055134473 47.72977396225931 97.71089127069654 106.72878569549674 115.37927965553799 98.78720428938162 64.30099112218598 5.045199692694978 185.6715375232762 97.3992283360848 87.37976490442718 13.323695401902848 27.91964791707592 65.90372121501912 9.00148540995855 182.17577114631126 105.76948273305541 86.02600816235233 17.22473485883763 33.060586703524194 32.73279717737937 25.758848659303943 9.192965739196842 
55 2750 5.230326129037171 0 1.0545819012953561 87.08595174780531 87.63276982224085 44.026692969401225 117.5280148772875 98.74449653924253 107.76195513497011 91.07521250928369 61.753797922924655 3.516282714947761 190.7209788447572 86.83691263175318 84.6959183297138 12.515529009920922 31.34183251252258 56.833545115005165 3.8210551677038493 190.14626163879882 115.22126824944058 88.50566118829597 16.460556373215457 31.98971297172735 34.94541990499961 32.654063911981545 32.284706613746145 
56 2800 5.016326974217788 0 1.0725916518527074 88.89126590446337 92.38016506904572 34.06656266641568 114.58974588258849 103.95928490895767 106.62780497728436 90.19824895327432 65.58117865097577 10.607917971802136 196.94288828359262 100.56286151986808 92.0796005796211 14.648572843836966 32.297315164563926 61.630755522150174 4.4402615512815 197.05957119295982 112.2733479139314 90.3221951684934 15.957121590810567 31.85569013691702 31.42823282484679 32.211352745606646 16.73740330865716 
57 2850 4.957253359677524 0 1.0517171309906133 95.8488941930446 88.2798731190295 38.922523171877785 116.39390687232219 100.08287264567937 106.54902868513528 87.57021858681648 63.22616765637263 1.5939764251280613 188.39976187695598 87.62049476143497 84.35857114947889 12.853232657592557 29.727529204062904 67.60247681149953 6.311012347254824 187.69507357038606 109.67334136667566 97.50554562222419 19.22351186767493 32.38220927745343 31.474101068110805 30.3861580981537 16.53086296941224 
58 2900 4.505180823279823 0 1.060941060818442 88.9418842577721 79.52884906829601 45.6670679593847 122.50693495737539 102.60412047504384 109.19782379389495 90.88432422472215 51.18109921213482 10.455477011670256 186.43286157594602 78.66612914197526 84.6498151831442 8.007710504823741 32.844445712038414 60.56527661358828 7.425128798797581 196.82294078386963 116.48948559401826 88.42919289911487 14.774348676940459 34.81209899442123 26.45968301674113 38.740562412848035 15.815240098791444 
59 2950 4.328296866848108 0 1.0595560358634923 84.22112028965225 83.68710567064095 44.53198655578486 117.86107260117903 105.65270134043315 115.03167896723112 94.67679277649881 62.8420933566735 9.490046648425382 188.78481610299247 87.43419223420153 83.75817547864706 13.855077386462959 29.225525585227214 62.33757164146336 7.27291679904675 194.08700200755578 115.4911734846372 91.65364401788639 17.41704451813297 20.953948090039674 31.712183716094394 35.01840144893689 16.6405620627 
60 3000 3.759516465663181 0 1.0582691857147075 92.62853967888181 87.00952455242346 49.28943234886205 112.24145896334305 102.03404275216317 107.02169723975418 94.38446796519453 62.367080684516935 3.0293327977055284 186.8424185109158 85.52703997688421 86.65817037447817 12.261273410791375 23.781675592145927 59.49480381826887 3.1901046029711906 191.3945115246359 117.39217776877325 86.46416739243367 15.459769974494128 31.262940099004915 30.726765177768137 32.0851352269522 17.179948195470224 
61 3050 3.745501246123422 0 1.0606407623066105 97.3594154367811 88.57328809670443 37.164665829275975 115.90315013999478 100.39297829027285 106.67978975098879 94.09161312345292 62.355674566948935 1.5305459474171705 187.84718193704364 83.74979044014145 90.90079937681539 12.818254039319207 29.01522387380412 64.08477041715317 3.1822462988286566 193.20526153960498 121.69777531316801 95.5668020958361 18.454048318469514 33.33884396523402 33.25469361888486 30.020049189093815 18.82271922433381 
62 3100 3.4317978334831727 0 1.0533022770574054 95.4560827307283 85.38271633526514 43.632717157199934 120.84316931473047 101.3766857302296 111.34303861244683 91.57620104147603 65.94538322485882 8.46707832168995 183.4889420732079 86.67564366565048 89.90313382912126 14.977160440501688 25.296589218831848 64.50792285338008 8.923776932410561 193.32887501635213 110.25235715062544 94.01475935046595 19.861884747936614 29.23975781047709 35.04118806235012 33.919078317705534 17.33504271581926 
63 3150 3.228732724749015 0 1.0543600777484832 90.5661659945532 84.9273285979115 45.48834738362559 119.60576964790027 103.54534137628484 110.95706051099114 94.58633969213514 61.67090332199372 11.182354478842827 189.02900651263622 93.92671972206153 82.32371997149023 12.774649822605376 34.12479884781439 63.21316811206479 9.912612036853478 185.75272340016738 112.68908709407843 88.60400461787344 18.113533081712745 34.19396784249904 29.922633926433612 35.60456297117487 13.58382145576186 
64 3200 3.1102045193209524 0 1.0581953059864053 88.3686280822664 85.96327037851452 43.801428878298346 118.65910552804993 104.82134540773859 115.02360163660471 89.50513443881208 63.703663353421426 9.279059990295533 184.08650681099 92.84979566264128 86.01521269338156 14.75658045414461 31.695442132273893 65.72976987954831 6.813567975573455 190.05749780335634 109.22235604549968 91.83816076240299 17.42514396628316 27.973639297442812 32.04625936784221 32.90993582718941 13.453527248166381 
65 3250 3.1470260286986766 0 1.0523683161785184 91.12389016263492 81.57112097386532 44.34540915834106 110.09582369106387 104.79835964863554 112.32023809366443 90.82109002681612 62.10897569787707 11.531589770847145 188.70676646846678 90.73750166110455 87.39640890497341 14.109628930206119 30.887640958533847 62.9756918945275 7.336945727491556 188.94787351308045 111.49035064105254 82.97937126744873 15.822051368078498 31.440737708595517 28.534478071942388 29.704449109049705 8.620868681866774 
66 3300 3.018854356224749 0 1.0584211751478378 84.5319690061638 84.76537057675729 41.99292792574682 119.98039937514905 99.21868346613897 111.04995714581514 89.71167425651684 63.184351656369614 9.824439339928325 186.07313725262614 85.77187158954759 85.33241928492318 14.30194960298468 32.4760100063308 65.71443555232669 5.964020797981792 190.28661977163432 113.26698422848757 90.55901388525113 16.887103193136635 27.70721619440887 31.205985055351526 30.284403919734956 15.237415308589371 
67 3350 2.826226329630313 0 1.0506285616741131 86.2366057856267 87.9297641688813 42.45248292530496 115.58538620612347 103.68452199289732 109.41192464648127 93.6719940132661 60.6692623066844 4.6821867038394664 187.89786161858282 88.69276797319543 86.36801127216867 13.067366673292701 32.01225481702263 64.8123641774473 4.5393761237578865 190.57021094111943 109.93681565839105 91.43804928910045 17.663977404195226 35.35558233780375 31.789921539253427 34.04127717648517 14.00064906307983 
68 3400 2.8190704381682075 0 1.050671236594407 90.89696887784655 86.17060455199879 43.72364560772077 112.33115769972707 99.42946774829888 109.17502442083139 88.0064687894411 58.98699004520818 4.9058584491602435 186.6793602843599 85.109116899677 83.8126208602833 12.91355880078999 33.24282067040333 63.829060817015 6.771048220601271 189.8318151091591 110.18522047297904 86.92102881797246 16.978994276855605 34.67858082282662 28.656424275903014 32.08317396063596 16.52216666239398 
69 3450 2.8298354139859283 0 1.0508002380826251 85.94019773237142 89.93595210692584 38.86856623464869 115.80658302420667 103.79307752972646 106.53940350211725 88.35448499963117 61.882674954584964 7.05749291347817 187.07551538685277 87.06274013565007 85.3169372632799 13.888769800795162 35.798404581726984 64.02448747230113 4.467438441484155 191.86822072679308 107.89942959769417 92.47403054912269 17.092801192338683 30.682709170572604 30.7206778289799 33.76940270736818 22.198902361990385 
70 3500 2.711798912801106 0 1.0607861423519434 94.56941688695345 84.83485423424403 40.8266616878883 116.29388973979957 98.49061713392767 113.7669864157847 90.34089801142642 60.39285309909183 7.297915780133857 186.27281628113718 90.07586225738875 85.26274302590446 12.573738136935885 33.952143660069524 66.8307760756915 3.632877865719709 192.62084999942138 114.76354462055696 90.24866531421324 17.893968442202628 32.496085617601146 29.232557777372925 32.574337815850605 14.826753945055167 
71 3550 2.6368624663659626 0 1.0558951927162767 92.17000186254364 79.92310602141063 38.94684502396336 117.5055761417383 101.61607563826199 111.2710373329554 91.36451096255614 65.27771898523814 5.670832621951424 185.08063191059787 86.36341242608039 86.611344325393 12.329988164970791 32.841646368001044 63.40870858546019 4.011888511737326 190.74749792331153 113.698662293391 89.2582151170932 16.66195873101732 32.36519926342965 27.95612016275625 33.25612166792145 15.401261190868203 
72 3600 2.4561110103997503 0 1.0523861733704487 90.32190317354163 85.21305630181067 41.294015170864796 118.62217780172075 100.31626574889815 111.03663962503914 91.0599994880144 63.37648475528827 2.847272464707184 184.27762533600563 84.68039800699222 85.28088207726343 12.776645865372604 33.552627031802395 60.98627071696134 7.536979200649992 193.74942499803078 111.11723531412373 94.51565244775 17.028423846043953 29.420427771150496 26.251672360794828 31.794639998382895 15.888392022737582 
73 3650 2.2468313929286063 0 1.0551094285882474 88.66911679616582 79.8371115518102 44.035711742631996 112.11420000199034 104.84958080291612 110.32139892832414 89.11099626941642 61.08363557196519 9.010702298654206 186.88954001280115 86.6068169105377 86.61516439098082 13.002515452977223 31.44625732421003 62.966641522695596 8.836529993587884 190.032967144485 109.44124754124921 90.72741906117345 15.981862082747005 27.674498342301554 31.989055861786063 34.99708836163468 17.15348086482835 
74 3700 2.2054797005256574 0 1.051380388269069 87.09200914362432 79.5557680127628 42.956749264846835 116.02973656892831 102.20517789646 112.7235605680881 89.53546797264683 59.88581860401387 5.461477073498822 186.35537248660316 84.33450970189078 86.65929899859887 11.949872267705326 32.34252216854014 62.303337788957094 9.59658705838514 189.17845862451105 113.07553400660471 88.68504616788309 15.937601083678999 31.107182324928026 28.35271488651994 34.22299324020723 15.527258311366216 
75 3750 2.152823017627602 0 1.0528637791552675 87.09428278131801 84.41818608092446 43.099786176958276 118.14688719897165 102.42654190961166 113.15778976440129 94.5515227307982 60.03622613561414 8.69180552160191 182.48700997539027 85.43379796036798 86.90803419246679 12.343933354869973 31.189517734710154 63.26391980290539 9.075514350989467 192.20359404929525 110.25249115152347 94.91300756372176 17.287640039116578 30.49942748689962 29.105859903688415 34.36592107258892 19.735723256719147 
76 3800 2.0774954471576934 0 1.0506174177110923 87.25698266674895 82.97716343959077 45.25110019286651 120.73851195027785 106.06544809691256 110.51803038780217 88.7901269519863 61.65606281095704 4.326675130625523 184.13087223451623 84.57826453992506 84.27226768271649 12.66028281191717 35.52609735371571 60.608233965511424 8.430928070632502 190.51907806764623 112.0938262232248 91.51075626607206 15.986773556305288 34.66300392780044 29.678069011496014 34.49226174973128 12.477670219602787 
77 3850 2.07969637266624 0 1.0507740234005445 89.76868786262426 82.52823008641084 38.00237060157058 115.73002833366698 103.96404937842054 109.78046515805696 91.72904826329263 61.99591232292277 4.998722698107268 182.9206754627637 83.24051399908994 86.02781234315515 13.56657989199011 29.56012847647682 60.71506344134149 7.645940671530728 191.72030566158543 111.85102268662831 94.97143246922967 17.009156287794852 31.932015298117502 29.080852124957246 31.005659569836613 20.155082461498672 
78 3900 1.9971409758116847 0 1.049383769877466 86.0567695653744 79.80569011709426 41.570640791421134 115.65528583022687 103.62332859038573 110.75874181885739 89.1996407656257 64.7899048747783 4.5012943991948635 185.45235790152248 84.55331254116565 85.38685121948855 13.127964546862987 31.36991578412412 62.95326015270353 5.497138411927001 193.6806321372207 110.23205989658952 93.77200637274538 16.827827194520797 30.484302443637382 31.40071648056163 32.59260285224189 19.84819935756916 
79 3950 1.9991339402654522 0 1.0492389921508145 85.90812146040022 84.45931621593502 41.093635849416344 121.1188476522398 101.64575683940988 112.77766641727872 90.94717984406992 64.28671217147478 6.7656179422300315 184.8206258688617 87.07124914288086 84.81224872841932 13.032423352681738 31.066256296357928 61.85125798834679 5.510107561874526 194.21542204724312 108.8429531653446 95.46351738504485 15.376190598582301 33.29680720137104 27.754241880484457 36.52003956945809 13.344335302944252 
80 4000 1.8944971169347145 0 1.0531049321544237 88.35118316482587 84.5174792488532 42.25929873097775 116.93062809537216 103.53136971670209 112.21775808215286 90.73599578374304 65.71166279563033 5.343245142177594 187.27087576041876 83.66314467938804 86.87980713108206 13.510851033956921 30.9248254051725 64.20990884274906 7.0004059817125395 193.09179143458712 108.12480884208581 90.0998817129489 15.816958007152477 35.08121441384746 29.194597028642345 34.770895024356584 14.231549241024236 
81 4050 1.911422542233638 0 1.050949726883558 87.38586672056259 78.14512152236351 41.91780770541097 119.0988185719833 105.26140883476731 113.92313197898355 95.85789557939006 61.294869721436186 5.86377554118077 181.54699341597234 80.95549534518928 83.88862317995397 11.40658287071649 27.60033281529818 57.637661244590205 5.752183134420891 195.0005704134583 109.05979944326097 95.87073213521455 15.738381490061819 35.273721500770925 27.893594766565354 36.58808298389733 17.921159476572406 
82 4100 1.7978299697299773 0 1.0560521874024262 86.2362350913325 82.35763706322817 39.516407412287386 117.42261620106113 103.04039091122267 110.4337163524133 92.85541636889734 61.57785797539811 6.750579740147927 184.38813034047348 84.67806154563806 84.77492735664177 12.781481272228707 31.252711934088623 62.92453237104554 8.954876807343721 188.8793075484078 112.35617801967669 93.57863221571216 16.2957201995325 35.56242166221113 29.311999667916233 34.96579335090297 19.862829106624282 
83 4150 1.704206055173217 0 1.0533690807346763 89.8226269205487 82.57235821617414 43.33490280599638 116.2410512983949 105.41028784071223 112.09732197239336 91.55670643531683 63.48048610864561 5.272573840508846 184.2574482676691 83.31763210453036 88.00749906229518 13.442846033793955 31.054715289816766 62.880932422987726 7.831721518880484 194.91122799931065 108.02092484282014 96.90729054031475 17.386231089884518 33.33524702533565 29.96513602007344 37.62212245792452 15.786282819504116 
84 4200 1.544575380913003 0 1.051318158411573 87.07132943349399 80.06450979872105 45.19875924616082 116.803589735112 108.24232203900512 113.52055713625002 92.23919513384728 63.678768705640536 4.577974689709837 181.4818710444078 83.8063651160183 82.99014239494053 12.741546876032043 35.639385026056665 59.86419279769823 6.558477738262051 192.7764864969559 111.74165493591299 92.62075034325495 16.444747369090816 34.25410304987894 28.333449815551745 34.01539276568296 16.598362489239733 
