%# iteration evaluations sigma void void mean(1...dimension) (randomSeed=1488526527682, Fri Mar 03 16:35:27 JST 2017)

1 50 0.10553467224742566 0 0 99.98614855137434 100.00063794628154 10.011398294012277 99.99388955858413 99.95721497072866 99.99740989195617 100.03044234484575 59.975045904575786 10.021662407405667 199.93473059630676 99.98415073088529 99.97403258745327 9.999127358740942 9.97041955798518 60.014046309671876 10.010568949351361 199.86824069083656 100.05854778557433 100.01685717427142 10.009570422381417 9.992085520462725 29.93818034036813 29.978583170346585 30.032101191876215 
2 100 0.11272668142912645 0 0 99.96802129777527 100.02474220914118 10.09093161783025 99.99316508011785 99.9812913718409 100.01446615253472 99.99612201262477 59.93864577462741 10.019407898955349 199.8966697187915 99.9746657084023 99.98621240501485 9.934751995319342 9.978816015348546 60.007847385743666 10.071566991442243 199.85837070830715 99.98707217178008 100.04225210446486 9.987629664507955 10.056253850288687 29.953901079980373 30.003625109669628 30.009972285384325 
3 150 0.12940806378597042 0 0 99.93559009639455 100.0037137517463 10.143713900599396 99.96574717035719 99.95899047983029 100.01261391964027 100.01986890640443 59.89541304935916 10.094438602492696 199.84007795972394 99.9642430167046 100.00250431007146 9.948055834821695 9.956749179171654 60.04535026581152 10.113597187841544 199.80914860692448 99.99800591492335 100.02430683532609 9.949659236787339 10.034520422598476 29.90557660693351 30.045290886304112 30.06469889272616 
4 200 0.150617989198236 0 0 99.96588504950988 99.91188904519716 10.216730621760203 99.9378036819666 100.02253343067967 99.96047254016972 100.08449427826868 59.92400836695311 10.097428997485725 199.76578364546933 99.97798909583064 100.03151475672502 9.901772170231055 9.93023516358815 60.062010681226 10.085923680397865 199.78106451929008 99.99065094550127 100.01022173180172 9.934792125468007 10.012499504845255 29.885331612445377 30.074196570653275 30.044536433663133 
5 250 0.17737624752786613 0 0 99.95500361993942 99.91805181176335 10.371249460476456 99.93265168549762 99.92539037343592 99.98256464458018 100.06489203687764 59.903699746691316 10.089228275306828 199.77999716967165 99.95335660333195 100.01269775601142 9.884215076913861 9.941532866943916 60.033437106919045 10.091469655101461 199.74700614138027 100.00906540111578 99.92970203487042 9.913607168484686 9.963629872007733 29.78119723218076 30.11905931346245 30.038038356917394 
6 300 0.1926108298594269 0 0 99.85065529620918 99.96312038191414 10.377046042484329 100.05202279748912 99.89819592345823 99.88641471641887 100.08098199104737 59.854075267520436 10.110633044190784 199.711904780189 99.95341590584434 99.90441145070774 9.911651033710129 9.968530176237204 60.054087409775974 10.081829605424437 199.7740625989392 100.03681996929079 99.97089910877897 9.963422110265949 10.008636779658978 29.793332656056936 30.158708448912453 30.06989914725141 
7 350 0.2064648846380465 0 0 99.91838265900748 99.95344781811866 10.450760329716049 100.09957255922576 99.9106873978095 99.84362398871656 100.05419677617265 59.95112189531861 10.079648323708133 199.66535998755714 99.91380733899969 99.87741515118137 9.946553960416614 10.052623173463568 60.08488968198072 10.078820437057654 199.73873350400606 100.03698606607514 99.95749681463447 9.991915837685411 9.982059571061306 29.688382665770582 30.165604206319 30.036016466844153 
8 400 0.21032152032646395 0 0 99.94282261303759 100.0061565021084 10.512996168826021 100.06095860401122 99.99918535540158 99.95696697587974 100.09744572909186 59.95651786568194 10.05429082821574 199.6730443641842 99.89963192029632 99.81251067370613 9.983320233212787 9.981983923286112 60.05857718608024 10.163198148017713 199.740223393127 99.9688302128776 99.94687349667086 9.903143416881354 9.999348694654586 29.70501011859684 30.24810004757898 30.104417222056224 
9 450 0.22276211156234493 0 0 99.87280621421067 100.0227906509899 10.625295489571133 100.05685029334845 99.95683255459512 99.96705554814284 100.12860020293138 59.89384927721184 10.148984455171044 199.65041350031274 99.83839860905691 99.81531212987208 9.998330788012158 10.039052780788952 60.09338180150414 10.229492067336738 199.76731338348947 100.11880888685026 99.98288747926706 9.85424622794855 10.074761208087406 29.631295787751828 30.20565980127239 30.186844701959842 
10 500 0.2546050640783415 0 0 99.86576797953877 99.97581868422272 10.744446921069214 100.12888636974334 99.9721316341897 99.96915523398208 100.05495206258877 59.90670842027143 10.144809634715628 199.5827149773351 99.92045475401522 99.7496897546143 10.219411997118526 9.925884716155247 60.10696872436455 10.227640252999318 199.78491679330548 100.11643630026202 100.10449597021008 9.921489241727098 10.020391003865056 29.482555372960586 30.29562997475725 30.209068758231084 
11 550 0.29129126810616035 0 0 99.77043837307623 99.9882269059788 10.843108381326862 100.1550112589137 99.92860182614736 99.92592011593645 100.16962326330206 59.85702859896639 10.059894433861219 199.5363701887806 99.80996202907632 99.7025665523649 10.284379534197733 9.985623885710694 60.05229797921724 10.312950945729211 199.70203662990008 100.03084772261472 100.12253841529818 9.959695579510509 10.18316982351443 29.31949165088255 30.391612436493286 30.203700879299333 
12 600 0.3485143138205639 0 0 99.78082502473255 100.05064905907525 10.907064250798179 100.24011596281204 99.88943755167013 99.80528294542368 100.18267835996726 59.819823260043826 10.053631075619805 199.65192155354993 99.78235173618111 99.59945621525131 10.330854443901359 9.988112822015058 60.036562736621654 10.374369526881623 199.62502082052742 100.17164871246847 100.17755494694613 9.970266339667315 10.312242554598441 29.001526895696674 30.40392415398265 30.262238779382848 
13 650 0.40971194879100353 0 0 99.73853939449297 100.07531791787459 11.106207751270496 100.24713467930476 99.59161846720758 99.74574019516729 100.26544858296381 59.8306945178494 10.180719319752052 199.52283991016233 99.70009739889653 99.56819927168654 10.414260344420708 10.053657098998675 60.25958207345062 10.417117312351943 199.48412493660592 100.10645885244408 100.24606984518886 10.12061504138697 10.4050903687552 28.931348466601612 30.52894728012609 30.2051895674502 
14 700 0.5260796558095502 0 0 99.85292915421805 100.24862776247087 11.514001032790008 100.38024678653903 99.47976155281698 99.83317260582089 100.39473986243169 60.02780856661541 10.248605807351755 199.32223875520245 99.62682672569532 99.5218077913629 10.726775745173464 10.2544547102754 60.2960524203033 10.528989067985014 199.31063036650121 99.96678438077522 100.45408453636658 10.210636270320546 10.487980457925708 28.668999029962354 30.692517105153083 30.301056313317506 
15 750 0.7034661011256749 0 0 99.7186331095281 100.60951106455245 11.923673406599729 100.57552514543896 99.42222223520264 99.59333863792568 100.51878940998797 60.21599415236976 10.346396034952935 199.0675692696262 99.34289506138455 99.2455590390834 10.993925665433778 10.476633487557166 60.27590739324522 10.321705185260885 199.348816098891 99.91050991578693 100.60043158305227 10.191161824120112 10.724010318867194 28.194656592728684 30.769777487303877 30.439672489782236 
16 800 0.8859664191787467 0 0 99.31733826279103 100.43167144145266 12.358988753007814 100.6146616887486 99.49382260670264 99.86307661682919 100.43965745165951 60.36198091639703 10.420524912091691 198.84600830157873 99.18540014186783 98.95781486286573 11.202401042031724 10.848843090442463 60.04591663240696 10.261637890461564 199.39986547828303 99.9619982893193 100.66232942168422 10.564688163995466 10.922737599285812 27.829938200756214 30.821018248347322 30.684916487053407 
17 850 1.1260703283352893 0 0 99.20684266582488 100.23467305705734 12.92493870265306 100.43488092479927 99.37249371450247 99.64518989161415 100.24694784104119 59.9262991503105 10.44961567005485 198.5792080063943 99.061083641773 98.64738533746475 11.563819966185303 11.16254827727953 59.87391959358875 10.339827663268625 199.10866842857828 100.03622167871538 100.60015844362988 11.068241056885256 11.232065438539152 26.972983293448337 30.991944892496626 30.854874967351968 
18 900 1.3413942743667797 0 0 98.98538140281109 100.16661197151424 13.428052822455165 101.01625616545144 99.34048807290735 99.6754476630459 100.16428449600842 59.79316744073062 10.746333487578601 198.26062703789754 98.79235548921383 99.07682455548493 12.149009667444789 11.683964944396601 60.17876094291253 10.372214888123786 199.0782372013101 100.0428940538309 100.5760454223384 11.635933649590108 11.693201378568737 26.98137397053831 31.134474215800648 30.353481647219777 
19 950 1.6517336614584597 0 0 98.81893461072998 100.48549488386793 14.511744255661988 101.39089331827323 99.3017818546305 100.08107561586218 100.37345267116842 59.524323180390695 10.53109928375239 197.74004118100976 98.52748611046194 99.09636994434328 12.570668461057755 12.14849240606902 60.67072882802977 9.766931265987154 198.48759344707494 99.88215585949912 101.34926544844109 12.41547667270396 11.90814751244861 26.86374062769132 30.62553414621653 30.749116466736368 
20 1000 1.978113765370188 0 0 98.45317636726317 100.5626524991691 15.220141722598925 101.07744635600588 99.3900197638565 100.5319880214844 101.37717663632388 59.188571204901784 10.57109950683399 197.84344535358537 98.4747851178049 99.22767326329046 12.921492157138884 12.482779974574097 60.49511450714261 9.582206959031206 197.937320671716 100.55064324114777 101.02352756118664 13.52716385704186 12.193841916656668 26.813628815059506 30.59295075780332 30.42863381116158 
21 1050 2.330378434320051 0 0 98.27653287668187 101.07417628624206 15.406524103131913 101.29535258764243 99.93565821622038 100.17175476148827 101.6318422533329 59.21000083973606 9.885262584344428 197.60815677764236 98.16362717591456 99.21575717239801 13.97570667943984 11.967966278615647 60.567846106142724 8.655414301944788 197.4949650558017 100.8490597181235 99.8018583811836 14.357135845572333 12.684410205819955 27.316144978174343 30.52912520731523 29.81124277121768 
22 1100 2.9511717864309346 0 0 97.13206876281912 99.39879465353003 16.456992079404674 101.67621406536882 99.48224281404896 99.72895616118382 101.96433839926915 59.748620276686246 10.180586424162302 196.34852248537942 98.73187809416451 97.99253797309373 14.93211359775824 11.13725043276356 60.026612947461444 7.117944255292404 196.79678979043038 100.52369396378923 99.13539636428641 15.448852130728179 14.395555280964366 27.04969703168427 29.956358676731423 29.744395176400694 
23 1150 3.5110883700998605 0 0 96.33879265241896 98.2509011304999 16.933645992468865 101.58956878869445 100.150279947203 99.55061532157481 101.62945773849968 58.65354670269148 10.24806821507199 195.3788952115836 98.77250673366028 97.44322266216484 15.065071891456675 12.16914405863741 58.47224230539564 7.909908984958182 196.5864734582733 99.91084173834827 99.14977020921275 17.19199254863244 15.064509567711385 27.948547648936863 29.525509421546207 30.101408199563355 
24 1200 4.046079290356828 0 0 97.88210721407994 97.09262950596177 17.653960235215067 101.25820669663784 99.20734304605628 98.53127824304046 102.02475785935678 59.30138210979674 10.036650339638188 196.23652506120249 97.26687864840623 96.773219945341 14.22623747734967 13.972778485412487 57.49834722717667 8.63608622124568 194.96978358795002 100.32208031926396 98.00338269901184 17.616676319966462 16.508363651841396 28.22863321025699 29.12558892892189 27.74576309153778 
25 1250 4.512561790011865 0 0 98.3088649316948 97.7928146927213 19.45039887559486 102.3450149142123 98.94878190911253 99.12970610047577 99.90800673096545 60.031841606402445 7.335817886438046 193.34756120693763 95.5294804517106 94.77724485666754 15.0367586330999 12.39299635954276 58.5416179892059 7.910854906901317 194.53728632623512 100.07481287758416 97.76123849004131 17.876037558958092 16.950467354445433 27.595878025652485 29.53832877602327 26.730022992506886 
26 1300 4.960873535355952 0 0 97.64904811250774 97.2084931822376 20.685724568638157 103.6073647421187 97.61773053225573 98.98653434909443 101.1510671811874 59.28733436214049 7.1723918705953436 191.96841471132404 95.25967824935151 94.25723949883775 14.797535850501731 13.053709831969796 58.677285039340184 6.864142153827193 193.9795891187081 98.89604785936362 95.13829456026838 17.04751958570711 18.982917351666988 28.824414921130895 29.511656011608626 26.469280331132364 
27 1350 5.068687811257499 0 0 98.10220001110417 94.94399324686849 21.339650454088357 103.89642499087931 101.98219007460283 98.12420012864342 102.57737993520858 59.20696094243966 6.780861760395239 192.53881374132848 96.87378576347955 93.06643285164921 14.858872320049834 12.112469116439328 57.24161641341628 7.064352897375938 193.51103677505986 98.80028314200663 95.23353938631155 16.308346755655197 17.388940470403195 29.27144029193077 30.252654081321626 26.391910021455143 
28 1400 5.093513528927604 0 0 95.79453603990493 94.78604070196953 20.93691588334041 103.09952753528886 102.973017308301 102.11024100167695 100.26718197751228 58.32086848748779 6.4924834254153705 191.95923207179908 96.5579663739907 93.16020281221375 14.695025334817858 13.07512308905331 57.46426005062355 5.195361197630705 192.98697291580305 100.62673462386283 95.16971811731692 16.749433951823057 17.665473295752186 29.442790383935204 28.98370797474633 25.445897718452777 
29 1450 5.271494818870819 0 0 96.5016985397748 96.46831630480438 22.784519306650818 102.12356669282957 105.52283542267952 104.53450457230487 100.19998819495272 60.157033896726 8.27979811839139 193.57833007976723 95.30819556815786 94.5962608610916 14.033462535960972 11.80513340387547 57.59406719207618 6.804025615116307 192.29658048676134 99.82771284610031 92.86825533743345 15.763875159317198 17.43053279547285 29.46673871722826 28.7121448383998 25.366439192562236 
30 1500 5.4620912517327085 0 0 96.761258833668 97.67323944917986 24.111166337304464 103.42491759715256 105.72241712868468 105.3701241976981 100.18415283638406 60.06894461807068 8.52153185471767 193.37396571185167 94.43184133904306 96.338849822125 14.501708944254645 12.89022915984536 55.68945944636004 7.166840331046105 191.78996210036235 102.01540851789056 92.10537630601694 15.438302509281066 15.692978977402905 29.24958654449702 29.027605390265965 22.95123124411579 
31 1550 5.811493947505698 0 0 100.2118263589402 95.39471502870957 24.834695824250055 104.78863168607074 106.50434642924317 105.87253124244104 100.34966645060219 62.89888064651091 7.864938069994768 191.06742724127614 95.00209296084397 97.08434651246121 15.082137186646836 14.302191880208976 54.99485926548909 6.061775773025997 189.82542726889278 101.45555568639794 93.06761844627056 15.073363488597286 17.054807291302826 29.63688398246251 28.856590604541868 19.456421905925733 
32 1600 6.232655522793414 0 0 99.9571281204225 95.1358508009349 29.295777764568456 104.042120437691 106.53154491765567 105.84149908409361 101.85249209288071 63.5081662121848 9.113077059626931 192.81071832684646 93.17014160591474 96.2157802035437 13.418492537178965 16.11130775600246 54.86899714267533 7.899311765787224 189.78066386644593 101.47851140962192 93.15074538714697 14.581994263096803 15.209282729493175 29.575439523395577 31.53761920980856 17.315940538649173 
33 1650 6.6250194086401715 0 0 98.5244153481852 94.14058197929847 32.26894547144605 105.47324688428476 110.10245431316767 106.09092670064142 103.4641196515184 63.51080903448364 9.705685179837861 190.74100073825542 95.79055750951265 93.79018779318821 14.20562509633552 17.538573077480198 52.78166954296814 9.364625623797595 189.26497592651748 101.54007736561127 93.94326424927027 14.953582446110692 18.178128377673293 31.618605679680314 30.54961987484159 18.812722646677663 
34 1700 7.216476319273235 0 0 100.76301739003173 92.44673309997677 33.37290062644472 105.4636319681281 114.43907599228733 108.63105435847537 104.87013793850332 63.14689241839921 9.18344769260118 189.56777307912847 94.83993172345428 95.0518813883479 13.722880569143774 19.698679474058412 53.588065572954086 9.017648873196348 187.31374670871213 103.47627994126577 90.54852162518574 15.192345796106519 18.17397993869661 30.739443569071316 26.550621548027916 17.089065481511508 
35 1750 7.195923051778684 0 0 99.11579396580413 93.07458467877771 36.447576939783424 107.19264314860379 112.94377738528426 108.5364554995508 104.77221892315616 63.24601264849328 9.946587782944656 190.24585084881994 92.69709745283532 96.22769275371493 14.037096724884364 19.249897608974344 55.41796598125426 9.77469530623825 186.77446646194952 104.13901344143967 90.02772056080107 15.629045667599359 22.22187945769874 30.01532003155436 27.176728171835602 17.07135943892835 
36 1800 7.423149551872631 0 0 93.39135843735956 92.12804233390725 38.12576211256334 108.71211655288735 109.62871731796182 108.1354967890456 102.28658367333831 62.402198676887515 9.228142512194651 187.12255112541297 93.05505764215887 94.18498277078352 14.468419910015871 18.741117647832226 56.93618662276082 10.848142871131936 187.78301646879643 106.44697060256622 88.03913724213389 15.040250440788446 22.312330117992456 29.240794216816305 23.41391748089618 18.042710742047834 
37 1850 7.286678977912197 0 0 97.0888822149007 90.55660843720084 37.32500012715155 108.00391958138779 111.5052765514314 107.30672292816564 97.71499302240132 60.77000455047154 8.509784583201006 186.36447822080456 95.46158887476953 96.59891204312655 14.621239239689999 18.5751922784996 58.567423272904065 9.221531518293268 187.60029200766687 107.28898432011783 87.73271195097144 16.652086564909535 19.93099036105836 32.47879689572196 24.958077629037184 20.20663204983046 
38 1900 6.795414309713583 0 0 96.6324588938882 89.4361987858089 34.94338175059073 106.72505719740529 113.62179111005437 108.88690074286556 97.10640854699517 63.34808240931305 8.513083922216955 186.91671790625978 93.17363614856069 97.68134190335891 16.40087805156194 20.12880648759466 56.758494514847804 8.614078480771399 186.74101775896227 106.14898778956291 87.23580241262678 15.772506894902461 22.57636647897884 32.58629962034244 23.933314245293715 20.339291995114277 
39 1950 6.450074135677657 0 0 95.24752496162559 90.9644385892053 35.088430656131166 104.25926775460879 111.06778749695968 107.8166120236761 95.40904660247637 63.84700120235212 8.160470484817807 187.7412734003423 92.25318398225009 100.04803835917559 16.653426212455784 20.016970015431 57.73264452747811 8.929175273131547 186.63391341866264 109.4184173484108 88.97249334821926 16.129424110359412 22.107628732828573 33.28127391058754 23.79066542193342 17.204102331522627 
40 2000 6.2062801362900615 0 0 96.1258493300897 89.94994724112344 34.69456466386898 103.49072314076871 112.22926373171852 108.39780656601141 94.89006302800992 62.42304384827185 7.855301124004984 186.3650258999845 96.26682595779296 96.87140533549383 14.712798495718728 23.630587647414043 57.71102328503568 8.786305392477505 185.24862662785827 108.46206971274324 85.50527427776645 15.636440107431447 23.16627572224566 33.62036781877574 24.74966864024001 16.13854911365544 
41 2050 6.085801593421018 0 0 98.02448871287119 89.2486704675331 36.53886189048471 104.9779176390924 111.9114697382989 106.69502847538932 94.0300610387455 60.595278991227794 9.877678909395344 187.66092032591544 94.40420120054806 95.1091525058888 15.644879339577875 23.289218498882335 57.186470393825786 8.411890513693034 186.7473903451255 109.98299142785206 87.4408691252701 15.702431348496441 25.5171504220439 33.07850357532146 24.910407102045436 12.529975739509958 
42 2100 5.914741627641355 0 0 96.11863282734406 91.36083248430815 39.175718030017215 106.80430708058006 111.97699782032257 108.06462392771277 92.41085250831576 59.27355345290469 9.871183040786113 185.29757945849443 92.90277460249438 94.64752719283838 15.958839581330052 23.640295072830703 55.627201429655116 8.797434242463577 185.9996113665928 111.07826228109049 87.19194405811434 14.754117530842585 26.791680540811214 31.68852789419053 24.033383468402327 11.700356721296226 
43 2150 5.812846714321778 0 0 95.57076213063038 89.93364926858558 38.43351059173649 106.58977057678489 110.811953387338 111.18732448614912 91.2820758156618 58.15767269880491 7.733841599402221 184.47072447436813 93.64199332865577 91.29127864027059 13.649537441627226 22.92861166436804 54.470471481812 7.7078328635656845 185.27292932786727 109.90702922259162 88.2166515766919 14.91839966734224 26.38344589867238 33.44290357872619 25.61537420917838 12.682191725639454 
44 2200 5.963610567527999 0 0 96.3582051484272 91.34338287687305 39.398207157533236 108.07739414420014 109.4791609506487 113.51171991161868 88.9681354573295 55.9423326910487 8.014070981922224 183.89322539326753 92.77695569702284 93.97603176894619 14.305538885052078 20.95067528361204 54.0664080556229 7.023138259173284 186.82491554253994 109.60592896091143 89.6088875547668 14.821468144943468 23.31994222835126 31.50375334864051 28.709796843566586 13.23286648103908 
45 2250 5.626734451744482 0 0 96.95109930004621 91.16277030486306 38.051311937878616 107.71640835136311 106.43819945362672 112.64140901549938 90.6526485431516 57.57956197962172 6.410876728770754 186.38562653629623 91.9745137561891 92.50121335277392 13.038673489537457 23.563689864491526 55.398749736749714 6.6380743526621355 186.50774815854695 109.69437046690841 89.59571093703208 16.151995971393813 24.213673397783836 32.69166343341001 27.184045410027302 15.67399872058485 
46 2300 5.6660511398361155 0 0 97.15464300926132 89.15813871788883 36.62033070548451 110.79488717682123 106.57297119392933 114.60120271931174 90.2692063032429 60.878888344359034 6.7205675715948034 185.58733110141017 91.50481550265124 91.51654301344024 13.883860588590457 25.102876277313054 56.19416577778054 8.230727709279789 185.1292450749651 110.32972365506376 86.1073488613618 15.65440290968207 23.8958980610637 31.654579717651764 26.993700982903693 15.722296621049317 
47 2350 5.89862193889923 0 0 98.2373988269493 85.7460753913931 36.44019442236148 108.95923074026896 106.51342959945458 113.88682989095048 89.50018726474485 60.5314955828995 7.674376656829463 183.21484364258995 91.03682807777355 88.67891975131879 13.986049806070108 27.466368818723204 55.252474745240114 6.556367457406554 185.27027388963512 112.49106976418986 84.69559540706094 15.867788758928398 24.632187818191973 32.460080232857834 28.160415769963375 15.583951987168847 
48 2400 6.080156315682257 0 0 98.4438743593235 84.06852187172572 35.69708680587073 110.5455496869584 106.83927918426639 112.77066053437727 89.2068353796888 61.284003595801785 9.26459746404347 185.4419527425561 92.34624529542961 88.2907061607574 13.713934486318616 27.63182587330956 55.41688742883267 6.845110119746635 185.85944227237172 114.94611133244082 85.81061603220863 16.059741747983676 26.696786741574048 34.135791981919674 29.619327765375306 16.248233780931006 
49 2450 5.74494896955445 0 0 99.8363374230527 85.72577268523055 36.68950323886087 112.91513417127712 107.97553367389632 112.86486775375978 88.06090052314502 62.13358262550834 8.328873243258977 185.92622359415256 91.47339601829643 92.27214113491098 13.196709417485154 29.25933327212608 57.18610091898213 7.61717730570068 185.11580087424178 111.94849926071144 86.37954318331907 16.15156332130248 25.819453779842412 33.78938608064545 29.831888093872255 13.480035525048605 
50 2500 5.401793459534724 0 0 99.44661681088314 85.0078842246389 38.927952310091676 113.03169848877432 107.09929130416808 111.84466182147746 87.72419565894646 62.96844373518165 8.204283074271578 186.81868891050075 90.61663822956217 90.86869859449322 13.61280069385832 30.627085036509882 57.13753196753186 7.867141922308577 185.38168406828984 110.9784594933633 84.40278878427837 15.388728486897186 27.27405764813041 34.99560961360636 30.31784101104608 14.535461715881109 
51 2550 5.487648168529087 0 0 100.49438710490878 86.0848963616881 37.14914959124491 112.54699571038691 105.86176730801827 110.74942619643916 89.55755514291916 59.6063060099115 7.969503531261318 185.48011863883553 88.09377784894423 90.5825058660719 13.583254527813816 32.77071447235274 55.96315328690633 6.546191539472324 187.06192375078243 111.54122759192289 87.60634635786536 15.576483379930124 28.401317446666216 34.73306644587524 33.969985845059014 15.19275578949366 
52 2600 5.411492849595713 0 0 96.51007411801068 86.85122349715796 39.02708103290296 114.04857322555985 105.17198294109431 110.92555406211744 89.5921759501036 58.79645296714775 8.740360110755054 187.02422796797418 89.14909272824573 90.60798176883391 13.033216776083867 31.621304031486513 56.49057892127502 6.757963175960973 186.81325984933466 112.74813323898375 88.59879065385103 14.658761508742618 29.972887530637614 33.08172257518047 35.048647606642 12.691316398723442 
53 2650 5.534672860065797 0 0 93.60365690931327 87.213584013805 40.594169581269824 112.62174606419683 104.73715657173159 110.04092195768234 91.03274437754541 58.100736347014504 8.655825953927675 188.3685477809174 89.09842226453094 89.46307023836353 12.834948947563662 31.680438139060975 56.65065601692112 7.296606146343121 188.58481021536923 110.61029320428739 89.20419895260314 15.85169083720933 31.225189244196002 33.706197147069645 36.47110948062683 11.406349977036035 
54 2700 5.481387952052783 0 0 92.52327507303056 86.13506545740228 42.3138133649718 111.55963578861025 104.89298870998851 112.35623189876227 90.75598298163601 58.7840675016762 8.809761667960434 186.2405692401433 90.3980705147404 87.96344801801132 13.028501410865658 29.69775773990307 58.68666794718439 8.169032778466573 186.67051858019084 109.42250313486649 90.56434702918882 16.51371499230777 29.66712567556112 34.84353583294305 35.37355983528878 11.554177729092027 
55 2750 5.230326129037171 0 0 91.6129808155688 86.61792101700635 40.40012761345615 113.34667165701129 104.02008278685241 111.07892485846558 90.56279426744514 58.11714125223098 7.401270438161858 187.43492196173875 90.66168916481159 87.56077405599922 12.660823549747917 30.06399692736976 59.66183536057206 6.880825081036442 187.3056358506112 111.74778375176508 92.72371270476906 17.237116743064007 28.17231850273346 33.4230353101741 33.574564374491196 15.210435275429369 
56 2800 5.016326974217788 0 0 91.71638543537254 85.66331264264922 38.442867146273244 114.47058010939394 103.20951227119961 111.88636486983361 90.55572666498053 59.713603930419865 7.363521012021022 188.32543221897186 91.95658095485123 88.01047494394734 12.404208369619392 30.531486531912012 60.959489188221205 7.036739263747063 189.59811639632179 111.32516977008544 92.26367999959764 17.426821930006607 29.597412611675956 33.62295637041563 33.68738229934128 16.681529744249033 
57 2850 4.957253359677524 0 0 92.566175908877 83.76003714900307 39.84855994861311 115.13312109388174 103.06531328735264 112.14736516352829 91.10623686882896 61.109873333499934 5.323425219364729 188.25167535197568 90.82446282204427 87.07920383232884 12.271677804602652 29.420205537896898 62.86794523866944 6.494696851478986 188.87098978543696 113.3906024701231 90.57001372417223 16.796737080153413 28.26841426962677 31.731120762623664 32.84702055085654 16.828350454859695 
58 2900 4.505180823279823 0 0 94.17262567060361 83.64744537280967 41.206764377875544 114.8730041400502 103.49276349146649 111.16561055941413 90.56587360813676 59.60022688661071 7.065355570189936 187.93160477754452 89.37624753307226 87.50812007463104 11.927650509253578 30.240926208723263 61.87985774344127 7.31814028523899 188.6090918658468 114.62571248878338 90.32385898406639 17.107884405905963 26.99225578099316 33.00466966413739 33.35598843049121 16.515253307319593 
59 2950 4.328296866848108 0 0 93.03587719646897 82.11971697150858 40.88996477189826 116.04562426690197 104.16074433196825 110.39923891488895 91.91184412716176 60.080614992015796 7.799414022663505 186.77183810446707 89.24289366743307 88.05259476317073 12.868761069526098 31.13694887542945 61.83876362403536 7.086366709454983 190.18152610094745 115.19220685930155 92.33852121157446 17.609888175225652 26.202659398523956 33.93483571704374 34.19867725686362 16.73122597037179 
60 3000 3.759516465663181 0 0 92.8498122647504 83.34758324375686 41.04835335900277 115.50393256555323 102.56640836242771 109.45078370237884 91.48420032895272 60.03697867889323 6.842482590763969 187.65612317903006 89.02888414369905 86.76661324749233 12.326055021195215 29.914708466389566 62.587343722927194 6.273119742333233 189.47177846533864 115.28802105301915 91.50811058037253 17.070584805314727 27.10570656145141 32.96019719958436 33.007588456795226 17.119614274780815 
61 3050 3.745501246123422 0 0 93.68874733622854 84.8120570781109 40.36817689683277 114.56812272120214 103.03816404035199 108.48279703318273 91.45544170484217 60.52203547740899 5.349024729463017 187.86066750810957 87.53584437807527 87.21108468122021 12.533445175826861 29.487284443414417 62.32195752422449 5.476776567980746 189.63075293141844 117.07083645058047 92.42981463507874 17.36012547920342 29.055300177486888 33.50366373901794 31.396894257632002 17.34157257598095 
62 3100 3.4317978334831727 0 0 92.95716669465806 85.42225633076698 41.57716262463657 115.43395595746779 103.70201267176235 109.48260420964284 90.67785922791914 61.59713288367255 6.568590915763198 186.70263599217074 88.0876561441643 88.09003039423136 13.56635513925366 29.626420913125465 63.15729187928658 5.764096018242845 189.7698192847168 115.62199422941266 90.95908442791232 17.246966556567457 29.702722113361776 33.10978272494802 32.321513315567785 16.36760832104989 
63 3150 3.228732724749015 0 0 92.6356456628823 85.78624550191279 41.75666212927744 116.68897101506012 104.25411800226605 109.95763449756238 90.40737322236237 61.529025637009944 6.311440840211037 186.5861132454026 88.30947396245973 86.55206053427153 13.276954500321686 30.96035859616581 63.64162746272575 6.386971039707095 190.07137850579178 114.07743564437877 91.59517667070251 17.275999088293595 30.715002861063727 32.262045968234276 33.61474381554621 16.049365485856022 
64 3200 3.1102045193209524 0 0 91.1502578725656 85.7234641744558 41.94170864136616 116.96765514460397 103.98743179623338 110.63034951730837 90.4582950015836 62.49138325239772 5.39807919431517 186.51823639755293 88.7724003086153 85.79125561965613 13.372771724455125 30.294158715815755 65.0560000260692 6.455423450168495 189.71963073448973 112.86841914106456 92.0761688901313 17.587500375609032 30.582317116915867 32.73602989008989 33.70267924535819 16.02264640000986 
65 3250 3.1470260286986766 0 0 89.30517627990524 84.86345546483336 42.582498450589455 116.34564517826554 102.67654800090617 109.87415499795925 90.80851564710468 62.51070144840717 5.127820250554781 187.0148272594436 87.71002667069561 84.97306988385998 13.391875000817759 30.926056160057236 64.27306540218171 6.703218989171777 190.7583255521565 112.87671252865447 90.90708224197334 17.055600614847837 32.411751799509894 31.589520086945896 33.24199481096454 14.950622944201106 
66 3300 3.018854356224749 0 0 88.49800886195837 84.21024232703142 42.747336139971395 117.7981728436529 101.97005606541107 109.67945654077569 91.35011351799298 62.73587497687569 6.0481815784763695 187.780052219076 88.0144569126264 84.75283073880226 12.76569169589665 30.54921346425106 63.89919878355664 6.191112252101592 190.41824945956978 113.85684350829108 90.69618088489952 16.704519874040912 32.145176420600315 31.408326529742077 33.60083476916436 15.461188455050246 
67 3350 2.826226329630313 0 0 87.80030969212285 85.20974158030587 42.11224112535241 117.20580798524237 101.48194161122198 109.37128462618615 90.83701542859669 62.970921151285175 5.344809905269254 188.10933582471242 87.99947805318098 84.12505989822313 13.000983769864702 32.024674294425495 63.88530064304253 5.640178401954862 190.5224124345673 112.76488101191063 91.13511754338539 16.96662674688598 32.154262341944744 31.563867949938473 33.9135001126354 15.520841693788029 
68 3400 2.8190704381682075 0 0 88.94841737435777 84.67366529722275 43.00306535350766 115.53187758625981 101.4301305395617 109.4353068780842 90.63148611263946 62.765708607678555 5.692569379318629 187.99702885081254 87.18592263919614 84.46653975646181 13.202931089714928 33.6363719642614 64.34136422752299 6.228423325129279 190.80408161242408 112.42617000087037 89.81645064204527 17.22592092230925 32.01448627861086 30.867752018474082 32.98163616839193 15.875324152556377 
69 3450 2.8298354139859283 0 0 88.64466220561663 85.49647776245477 41.45173068875179 115.35844939549575 101.99245071394434 109.31353051737413 90.92391987955472 62.32423358038067 5.863701302894516 186.95254591104793 87.62703250286748 85.38313300027575 13.20364757937655 34.36197658677112 63.82244060809033 6.304573770159492 191.8986922043424 111.28195839920203 90.95314630265082 17.185119520842363 31.183320234372346 31.194193555542977 33.68356680197831 17.29688164958561 
70 3500 2.711798912801106 0 0 88.85123162975789 84.99002011456999 41.42645025516043 114.95518043122905 102.48265596643498 110.31814481382389 91.53177421686614 62.499790897855476 6.411117872345065 186.972828228057 87.27724389573655 85.90677380393421 13.28942128350937 33.86605327098986 64.45619610695171 5.983706563834698 192.0660766368865 111.51597935842578 91.83485361452907 16.652221171653768 31.003997989717323 30.216239291044232 33.913357438291406 16.58547116657706 
71 3550 2.6368624663659626 0 0 89.23836790216032 84.71126255682654 41.422756079510876 115.73718166724152 102.85119204535407 111.06362226476348 91.03875889310201 62.94991742096735 7.06994636839391 186.2420932605567 86.4958407977219 86.0966442267622 13.05230352377694 32.92619764035578 63.681268204037515 6.075707026925983 191.94979560614115 111.37966139042406 91.99553810335283 16.291084323509974 31.765265907014857 29.872882878738377 34.306811870946696 15.906968931273873 
72 3600 2.4561110103997503 0 0 88.29618063031761 84.7271568304477 41.71046849762621 115.37433350663217 102.89426774433068 110.06829738694853 90.90179465931001 63.23644522895017 6.145153425188725 186.9331112107803 86.62659990894626 85.10813811798653 12.84188943707497 33.55464804398954 63.13469986564066 6.350884179165752 191.52008477336003 110.6672414238964 92.30880035617245 16.44976118292653 31.802604996713523 29.066837279532443 33.619842759153755 16.035708931880748 
73 3650 2.2468313929286063 0 0 88.28007813745782 83.44034619473783 43.13645953190788 116.07938234699915 103.46582836846054 110.82360494390933 91.09814931779641 62.749942134158914 6.248091588004399 186.6039481748368 85.93950828314557 84.75242196544258 12.863331138221344 33.611957878486145 62.79529336543545 6.470182539725627 191.2893542269924 111.3199947858527 91.803034949422 16.31299531267028 31.55242547874639 29.515407848136032 34.027280550088975 16.56431096184796 
74 3700 2.2054797005256574 0 0 88.0321243466901 82.98738459850848 43.27588057037223 116.4804160225034 102.79522095485657 111.31148187730382 90.71651510196408 62.18457850172403 5.602087309883799 185.94266040979198 85.46204851588793 84.88844050119455 12.690074217782158 32.86844312175912 62.64493513060881 7.432681989433723 190.8195586124339 111.78413377737061 92.28944599308268 16.31009075604593 31.10593211633618 29.612869128487993 34.402314321656306 16.856398163922787 
75 3750 2.152823017627602 0 0 87.7576261918199 83.43161846573676 43.15571713875122 116.73348095778644 103.60310828883615 112.00145986844325 90.5742226965017 62.27940609067418 6.86700813946049 185.07886495183192 86.00407734870227 85.1000485315448 12.721249983697078 32.09845838070307 62.25790443654842 7.425786471658157 191.2275433217693 111.4545417122809 93.01778742146975 16.41872568535388 30.75680562008563 29.518329562087978 33.80235043915598 16.329142068826044 
76 3800 2.0774954471576934 0 0 87.06940170501335 83.08917948243334 43.073598223911205 117.23531537830915 103.16092451423071 110.7050401335449 90.84709803402373 62.354656770710555 5.992678662365478 185.06603207639168 85.63723935760598 85.57993008144499 12.980607061021061 32.475023816731245 62.909684983607086 7.847652218805422 191.99380263389787 111.92023670751855 93.34153203997121 16.692064710975714 32.286571211495236 29.598202485268093 33.78769930157892 16.461368283683246 
77 3850 2.07969637266624 0 0 86.8275104668484 82.98043436807065 41.96897081583089 117.13854002308929 103.13167508329812 110.63062720803947 91.12229655529632 62.46245043517207 5.585480500851804 184.63036521510435 84.66909300096924 85.6798062429461 13.071865006797202 31.702534494723125 62.96089243908202 7.651451186110847 192.46774744668326 111.18342482963246 93.94353855839367 16.986394576334522 32.60829274012808 29.752628966375383 33.969448048335025 16.928301639623207 
78 3900 1.9971409758116847 0 0 87.04810165959874 83.06970764792528 42.836713513337834 117.64250998819102 103.37253798790451 110.83644086533383 91.63197188841217 62.55451193917535 5.933971257200494 184.56255256122918 84.32325224191837 85.67564454867711 12.938083911562439 31.112307611702434 62.47516758673562 7.405086110881369 192.52354330723398 110.83134931370319 93.42295371905695 16.816287241983385 33.13681045090476 29.83034715868604 34.20271047641596 16.382588335551016 
79 3950 1.9991339402654522 0 0 87.3770191135772 83.13720213283699 42.007008491317265 118.24595922382392 103.04847077492757 110.97901579581497 91.95560150984977 62.25601872633278 5.8799000302686535 184.3318268278888 84.52482255541535 85.69880764535863 12.746000536041315 31.008366165758158 62.34230311086662 6.713435817323144 192.7307925783791 110.43230562533454 94.36322300434927 16.56103511171023 33.642724855414315 29.618898978511666 34.9343465086445 16.442470337117385 
80 4000 1.8944971169347145 0 0 87.2302958148188 82.8965283840241 42.24724267847428 117.63801394936304 103.4147956114713 111.23636022907462 92.92827948470762 62.68829771749763 5.700647971350147 184.7054048375058 84.6903672047331 85.4705879491783 13.068998292461924 30.73862505215854 62.08231508122955 6.709035669955729 192.60144425239343 110.71690526160353 93.45578198390322 16.210364862209023 33.40601902219516 29.63065072878608 34.71544170477049 16.631625178485027 
81 4050 1.911422542233638 0 0 86.90184091660362 82.41982067854829 41.64022057970723 117.3297744878316 104.31265319710852 111.04734913435298 94.11696296120617 62.4934702349881 5.557485640046757 184.3914869818745 84.60384393867919 85.54002132477565 12.985712670473166 30.442502310313536 61.57990559850229 6.949640508419965 192.4265614540056 109.9570391613879 94.1605080534971 16.43993558948524 33.42707000607768 29.472782632779186 34.7433514102721 16.735603377567788 
82 4100 1.7978299697299773 0 0 87.2605005899693 83.22751488209519 41.64617935332963 116.49328531369736 103.60045852569506 110.42761093392254 93.27709435112165 62.17114274110822 5.3649163351825235 185.34368814833815 84.53586863649124 85.13957200140418 12.807848599327594 31.148684501824615 61.40254290744679 6.992871780192625 192.01560445306558 110.48720066099546 93.60867171816989 16.16424395104392 33.68561503237383 28.98603859917779 34.28321944038683 17.32356336211832 
83 4150 1.704206055173217 0 0 87.29722873618005 83.12379175431298 41.71714449835748 115.9918240855501 104.066665572426 111.11414972245157 92.92476124710738 63.02574831002343 5.2106640997336715 185.34146726640816 84.7510350615809 85.39514828820386 12.980379584788102 31.306613331414102 62.24573830291077 7.045317227371255 192.48669801832276 109.7665277372276 94.05832790563655 16.58841882045382 34.04148285498219 28.808441231349477 34.37642966144784 16.975652397710885 
84 4200 1.544575380913003 0 0 87.68103872475989 82.70694694025931 41.97392673050892 116.74405000271481 104.351584113952 110.609597390321 93.30923991471374 63.04860851440611 5.435499595173201 184.85822642508614 84.50838559275351 85.75182218823963 12.920195333169792 31.421698141464738 61.82507025846327 7.044781391409588 192.23818266125912 110.56524042461314 93.96098329872078 16.731826485193395 34.124073136376005 29.1107380317327 34.13336724033448 17.529457169698688 
