%# iteration evaluations sigma idxmaxSD idxminSD SDs=sigma*sqrt(diag(C)) (randomSeed=1488526527682, Fri Mar 03 16:35:27 JST 2017)

1 50 0.10553467224742566 17 1 0.10441222276371315 0.10536585139783275 0.10534928449090361 0.10533239323678406 0.10604983636342696 0.10517595183366318 0.10539613694417148 0.10526178486666515 0.10535160082979143 0.10500300319718169 0.10466821301682802 0.1045562175190116 0.10463170371613079 0.10533952091468646 0.10527426885035707 0.10465695320376865 0.10762637078230092 0.10659628983547911 0.10503407416226093 0.10572403768539902 0.10449626621713991 0.10699892270511852 0.10632395166009545 0.10498290360338522 
2 100 0.11272668142912645 22 1 0.11034986197712572 0.1126138043642895 0.11339263506911251 0.11178982583576985 0.11444740661571305 0.11157061485261051 0.11220736252578377 0.11141950542297215 0.11226924899303303 0.11182467633429809 0.1129906175805167 0.11239414293369715 0.11253504059998824 0.11159037104207309 0.11173992199754572 0.1131767691424591 0.11362844961698303 0.11421544286415036 0.11235859533226572 0.11200013785764384 0.113045238560069 0.11518792677282823 0.11359643107653376 0.11182226908834038 
3 150 0.12940806378597042 23 14 0.128225460641141 0.12934624708588507 0.12943607647924327 0.12789171954965756 0.13104959383350337 0.12756042565154438 0.1278716043642566 0.12845239320545507 0.12990433281994535 0.1284314085981686 0.1301303798486991 0.1282318099390718 0.12874956902759552 0.12706815846314293 0.12783219092507017 0.1292192875934821 0.13029379922491016 0.1310487320220172 0.12789912656128538 0.1289411362793137 0.12976326018081025 0.1312631910075035 0.13230619373541763 0.12838955614361758 
4 200 0.150617989198236 22 14 0.14875836517330224 0.1525915410520225 0.1500268891436943 0.14872179961385185 0.15342715756627112 0.14971376371355413 0.14946895229861662 0.14873465283253037 0.1520498992420177 0.15019649563349882 0.15005799321308205 0.14862771585678172 0.14996873554112003 0.14808888165151537 0.1487709938953762 0.15270979039885343 0.1507934325220553 0.15185435885434123 0.14856021364308025 0.15012400385383748 0.1501428277700075 0.15442381024223634 0.152049802757466 0.14821694188967924 
5 250 0.17737624752786613 22 12 0.1752546061780799 0.178591338170439 0.18033394454720153 0.17436978591523114 0.18044867595606323 0.17546813915265755 0.17546232226196198 0.17431112713891683 0.17761286923665084 0.17599625325625315 0.1776975916651441 0.1738585355846694 0.1764194955226217 0.17546127029372613 0.1742058090911326 0.17890805067745932 0.1760643523025295 0.17760753097258028 0.17557306509223364 0.1760125411823673 0.17629859416863672 0.18187629789155602 0.17852398749878548 0.17455558585618028 
6 300 0.1926108298594269 22 15 0.19250925282416356 0.1956951887092548 0.19530884367608803 0.1919556699520183 0.19410660948403724 0.1925102109383642 0.19033775554299137 0.18962583553748466 0.19301203882708015 0.19016236966618622 0.191661980923696 0.18873497751197388 0.19157328900813736 0.19142082546730346 0.18862187595844823 0.19272931485549533 0.19016789846652193 0.19353915097216165 0.18961110551192215 0.19038249351108968 0.19146381595160009 0.1977795084116801 0.19340616501848612 0.19102277425562722 
7 350 0.2064648846380465 22 15 0.2060390824774136 0.20923472874180737 0.20868772421961782 0.20662125585977395 0.20598982217343473 0.20489533162875476 0.20392535506915554 0.20370115346722226 0.20802332188161288 0.20241113515954773 0.20616535966902463 0.20255459741345946 0.206601418933794 0.2053700824302136 0.20093327397015767 0.20546582569168947 0.2020618285849132 0.20628744358929438 0.20270211815631953 0.202797038419375 0.20426116838447317 0.21299582590059002 0.20821938319685995 0.2025897861902523 
8 400 0.21032152032646395 22 17 0.21120763763511874 0.21207759012664737 0.21096724174945636 0.211423813336889 0.2097390820553338 0.21193813107969717 0.20563192048827308 0.20604523664922822 0.2100457899935322 0.20529931517985206 0.2077994110816994 0.20630641061732138 0.2101066310599192 0.20733377093689292 0.2047993531862374 0.20900519250828115 0.20463024808522123 0.21191843066977414 0.20757950181298487 0.20478183772246336 0.20790959171950704 0.21585439312063912 0.21394167295061134 0.20525178910356837 
9 450 0.22276211156234493 18 17 0.2270066299357905 0.22336452793334294 0.2247545476849919 0.2220009739756203 0.220913912324354 0.2227554844656144 0.21836693071326135 0.21812690220255984 0.22150580780733178 0.21667229521349685 0.21993620581173318 0.21890714790090132 0.2213670856975846 0.21860798963668063 0.2166716111705072 0.21971740819507773 0.21466155479407795 0.22926082940474438 0.21853705591221675 0.21628003519983674 0.22310575645411032 0.22755596678267626 0.22808634349937287 0.21761594084853259 
10 500 0.2546050640783415 13 17 0.2576687633442554 0.25622362507933844 0.25997147536050597 0.2523328502034629 0.24978568346709765 0.2525682986089817 0.25074508860737305 0.24966652747673998 0.2561589902220268 0.24862155756364485 0.2571502400585014 0.25063576029402496 0.26460739006674816 0.25258384971235154 0.2484504989131791 0.2509627384354326 0.24282594851673311 0.2623509721139229 0.2504959767754727 0.2466976603399412 0.2542097623931107 0.262554011129825 0.26099233117794285 0.24834797918510884 
11 550 0.29129126810616035 22 17 0.2984067117236399 0.29119792680235523 0.30033450208637213 0.2893057511196557 0.2859362935008874 0.28724470921295847 0.2855855473287701 0.2870673017390291 0.29391223125252375 0.28316306208956804 0.2935198868309739 0.28444373123448624 0.3042444867628796 0.2878048265718008 0.2849747673444972 0.2866657648576039 0.2759845729945752 0.2978410007218049 0.2860281727955447 0.28306805278257713 0.2941711706877662 0.3044804758385291 0.30027915771385494 0.2834031910592623 
12 600 0.3485143138205639 22 17 0.35635319424026646 0.34460553148109163 0.35975925282160537 0.3443648526677777 0.33927368128734514 0.3432946411095262 0.34161031823440435 0.34042743992953534 0.3547583968890936 0.3375020447282576 0.34799782962729603 0.3413943874880661 0.36515930324919144 0.3420348993944403 0.33953001194679544 0.34818911073241615 0.33036619259032485 0.3591366008502285 0.34369963078776766 0.33626398185454465 0.35013261959611963 0.37558026605604145 0.35918385308274325 0.33830292185252814 
13 650 0.40971194879100353 22 17 0.4151130358059872 0.4014665639810169 0.4274168205852259 0.4056673222290248 0.40107147707382296 0.4036560478328745 0.39927225266752037 0.39808926083776475 0.41694484021702605 0.3954575326355737 0.40992788512329303 0.4017585263400437 0.4274184762625793 0.40079328375997664 0.40004649206945975 0.41721330452553873 0.3856025455106712 0.4186396976751621 0.40475005313437895 0.3942166285688315 0.4146808492364841 0.44166585005926395 0.4219338247367602 0.3951098418759023 
14 700 0.5260796558095502 22 17 0.531754434623856 0.517508223873201 0.5597433513550177 0.5210040049961906 0.5160468386551427 0.517940385944891 0.5166178801004567 0.5113337154245985 0.5356368929114779 0.5093087763724145 0.520740725835031 0.5122700950486112 0.5588463827050287 0.5257974957691086 0.510396651099814 0.5344874960237387 0.49898618747536866 0.5373355715162419 0.5212978336452571 0.5069107271882783 0.5293937540316465 0.5694060527404964 0.5441440295930632 0.5026812830662751 
15 750 0.7034661011256749 22 17 0.7135739982235545 0.6922466748059709 0.7513442454350684 0.6989736762468715 0.6845122071961862 0.6942018175037731 0.6868338059135914 0.6841885616720905 0.710001017034051 0.6806761453671305 0.6931197296904852 0.6938982642278281 0.7450513427028026 0.7038407421294011 0.6791497332048818 0.7168006676971284 0.6619009533534864 0.7137494848032935 0.6959148947481403 0.6770376377136396 0.7152080785699367 0.7647846954752344 0.7244597054276425 0.6684068457975354 
16 800 0.8859664191787467 22 17 0.9116828977022741 0.8732234119068576 0.9542614077004669 0.8747329423418702 0.8673851958413694 0.8700726657738844 0.8600433813177181 0.859489422702416 0.8899279751747012 0.8564436706190466 0.875694955175003 0.8765953618883662 0.9335798946725324 0.8842722516102822 0.8550331539320803 0.9032728291490865 0.8249473723140787 0.8926343881350141 0.8703176511427566 0.8542464460784654 0.9053629484006219 0.9604809332168858 0.9054666820258801 0.8462343821918191 
17 850 1.1260703283352893 22 17 1.1665979786940996 1.1103455840094842 1.2087892974714733 1.1200615669001541 1.0973665304885325 1.0977776138539888 1.1005374840428828 1.1039220024778733 1.1298196042328963 1.080331225680884 1.1079354318969987 1.1107432844527154 1.1825851627591049 1.1311443653307094 1.076559092170957 1.1444041419082573 1.0415392003173538 1.13015788121024 1.1061283969795928 1.0830068065696734 1.1408867054335297 1.2273582865854125 1.1499649506982605 1.0729249114183776 
18 900 1.3413942743667797 22 17 1.3807407903100055 1.3219075044914381 1.4300908232299359 1.3267108642768626 1.307789736834797 1.2953993143108897 1.306132799963219 1.324808643056532 1.3429876103546727 1.2704604515875895 1.315394491736394 1.3204156639589313 1.4165487258436176 1.3393719459282913 1.2744652531216167 1.351768713888827 1.2279928698272045 1.3465106862198597 1.3113250912365033 1.288627294582203 1.3604383860601794 1.4486290773873114 1.3702410614700642 1.2812277312760405 
19 950 1.6517336614584597 3 17 1.6946330279362254 1.6124563844971163 1.7629398122730453 1.6378733595727364 1.6041577869343686 1.5971062737204653 1.6083966168741068 1.6243301145880833 1.646980118265525 1.5645648226241373 1.605046038021934 1.6193482615162413 1.7495902307285909 1.6417407870106795 1.5565455565832007 1.6590052651814537 1.5133816363833996 1.6555012063172712 1.6166542754505677 1.5843115867846482 1.659770789289288 1.7624410197908702 1.677152847673352 1.589050663523416 
20 1000 1.978113765370188 3 17 2.026810747047482 1.9353115168091775 2.0937181713194373 1.965744104780336 1.9261044459907777 1.9006492601406522 1.9316965075530266 1.946023989694912 1.9557709924437479 1.8519890018357186 1.9070470123106733 1.9502400062374188 2.080605846377744 1.972793639285205 1.86857250364887 1.9751491876018665 1.8122218465588313 2.007658737104708 1.9382258606015499 1.8924443647291458 1.9796211217932806 2.0805595873555434 2.0074397721751476 1.8996208179612937 
21 1050 2.330378434320051 13 17 2.37505918919589 2.269880461348996 2.441399788452574 2.3384614260947942 2.2612734285474216 2.2234933439236237 2.260767692140753 2.2837419756350057 2.3304898646928653 2.1625806175451707 2.2251772134535637 2.308616224060107 2.4460062350924727 2.3399822850511485 2.2385017889632 2.3342569420879244 2.1256154435521744 2.3599719151816263 2.3063973967631632 2.221518053872909 2.3262244363607105 2.4304721511893046 2.3637784114755687 2.242369058961732 
22 1100 2.9511717864309346 3 17 3.037426089465959 2.9282400407040177 3.1221387894969275 2.9394076004890723 2.8604012984809017 2.820454551245425 2.8580758386306138 2.8673024985701483 2.941081563622974 2.740386384880973 2.852035284977177 2.937190454229776 3.080688691395445 2.9476407673243923 2.8295168758405422 2.974864893301118 2.6643881941983025 2.9839558181548544 2.9132461844419675 2.793554254141613 2.9589861766061527 3.0361503072465954 3.014978712614224 2.85056290138312 
23 1150 3.5110883700998605 3 17 3.6174359932207705 3.4608465290378447 3.696702648331132 3.5132882153855323 3.3894622818463915 3.3524334316243376 3.4145993908139443 3.409715159725972 3.462975287329468 3.249850319105261 3.3659622385460026 3.478460760637465 3.647279588898794 3.533017028544106 3.3954033101143466 3.513189954186401 3.1405809718278985 3.5533118347624972 3.4518393249827626 3.334907993766023 3.488075110831144 3.5762195633479608 3.5487062342865907 3.3805165813065567 
24 1200 4.046079290356828 3 17 4.171186426496317 3.9437290391563096 4.206712951480954 4.078365465531258 3.92034453387706 3.84779574131993 3.9302506780952298 3.8905121391940027 3.9540634913744745 3.7036104617447787 3.85339278218795 4.046975566194261 4.15573839989084 4.073605004761852 3.90260224566562 4.016871237199723 3.60847670138505 4.07897714481742 4.00729865181321 3.813174186834075 4.0341064051948905 4.069119863166544 4.092041858423459 3.9151397274050317 
25 1250 4.512561790011865 3 17 4.625337853840996 4.398880727124962 4.669210633829818 4.5185360164336945 4.330564133647359 4.317960382361967 4.394786731322203 4.3139086686973664 4.4534684388457695 4.202726623520451 4.315440880914587 4.53135984751585 4.604039014587862 4.532944121254175 4.318831566534312 4.4493602735309015 3.9821161819869864 4.539268017506709 4.426295701965866 4.204552745519691 4.499904008434493 4.493696090869531 4.529048970015494 4.416982639349046 
26 1300 4.960873535355952 3 17 5.071287993144827 4.791642673644531 5.107677081214477 4.999614069256866 4.832652000364246 4.699323811455773 4.814072254498481 4.705508060496599 4.870278088511906 4.6191545169059625 4.699779944148593 4.990988440169414 5.01770871671022 4.989085252184595 4.699207117976217 4.854032304081423 4.344178237883711 5.005335011215564 4.873443910902234 4.5978453890281585 4.951355408205433 4.88037290480879 4.953040604765427 4.829120331670904 
27 1350 5.068687811257499 1 17 5.185675476058461 4.903951004482548 5.167595007690904 5.092066225102811 5.105960741591972 4.766856520662586 4.921190949334056 4.862074906796965 4.952352246849739 4.734643422539588 4.87498604521676 5.182730002253048 5.068695894134991 5.048348307118656 4.863153959182942 4.885389323498116 4.4055925611204865 5.087980574134475 4.973403282187513 4.628026552656045 5.060167765847282 4.923119961598301 5.031953452952927 4.974072690005024 
28 1400 5.093513528927604 1 17 5.21948249205788 4.928740877080796 5.154331132311261 5.1114332159788916 5.113714553370142 4.829359115748441 4.954509331094481 4.870340737982559 4.922667450748744 4.767983268884289 4.8766752549643595 5.205059868894027 5.031353662131677 5.040932675123415 4.899112038065165 4.898431500791674 4.388431544795801 5.082372552512766 5.0446119854858384 4.616991889776503 5.052618008614496 4.888711337675602 5.019576531693492 4.991616739964115 
29 1450 5.271494818870819 12 17 5.393595464498632 5.079520662957159 5.3164374402016925 5.349142934511125 5.337044602164817 5.076730219987565 5.139464115185524 5.028246388136901 5.039016982712698 4.894792464842984 5.005551096149766 5.401012085981047 5.1414105741250244 5.191240462180304 5.027774578413708 5.039125091987473 4.516134765999326 5.244754774356013 5.280970595786459 4.725858493462456 5.206779038223554 5.0035796815759115 5.166681683040286 5.147946085662699 
30 1500 5.4620912517327085 12 17 5.544126618624842 5.310923944225846 5.491681217752119 5.527363701800139 5.544984549145078 5.320994671189923 5.309262491187213 5.329212064758028 5.192916977989178 5.041790764687787 5.239096661172369 5.573508361114893 5.270181467381089 5.348909172030486 5.173063554251545 5.156665227146414 4.679867927945874 5.447773451945208 5.519208126110205 4.843979752107287 5.356908146857986 5.144129161863963 5.2795550301057075 5.438761899635905 
31 1550 5.811493947505698 1 17 5.910249730646581 5.717257121972008 5.851927917540366 5.826326843928713 5.888200291218758 5.704606194723368 5.639195275421927 5.664157302330565 5.487809095025213 5.419145152037873 5.5523760516429554 5.90356844985995 5.530990201280755 5.6423451205800905 5.464734885525181 5.464156042698828 5.001594206408389 5.804073704372252 5.845715110780312 5.101732628881842 5.682513097805331 5.41151857851362 5.597144947792712 5.815068881946879 
32 1600 6.232655522793414 3 17 6.343079662816486 6.0795677990707215 6.359073390358816 6.235474322522179 6.306113150848358 6.084788688951622 5.991105303285613 6.06788186732148 5.851543774856587 5.759598966444496 5.965527110762244 6.302474567800183 5.8818071454041085 6.013154642735376 5.834589017290608 5.82345562631831 5.390308427978893 6.173227982409658 6.251541431726346 5.410509055717511 6.105249437584823 5.768544872260634 5.9941841850173745 6.283507869562891 
33 1650 6.6250194086401715 3 20 6.7899216680582235 6.50246645325573 6.8291185865671595 6.588051896292367 6.772002037618334 6.4782158995196495 6.339456444820208 6.437786271803525 6.141303127866514 6.114776275391514 6.311587888346242 6.703703730987269 6.193381672194616 6.405767806963211 6.168718074631751 6.106568936250903 5.707482586351037 6.497162724628684 6.630571556716809 5.675209370987813 6.528497871991234 6.11062197659634 6.387182013786572 6.6671880289711645 
34 1700 7.216476319273235 3 20 7.391571568128511 7.147060401232973 7.52650813568836 7.199799187731629 7.470589676602061 7.072471510157384 6.942364252725503 6.98376366617449 6.604021054857365 6.592753382213371 6.827804009053982 7.253272765504403 6.674737048836922 6.967832320465102 6.812186413429403 6.575723790669023 6.198107612129631 7.061454278726073 7.3226527154001655 6.094174591220909 7.074377084974515 6.609309094996999 6.9453096796776865 7.338892285855923 
35 1750 7.195923051778684 3 20 7.542855034233093 7.109862455304655 7.60851118487835 7.176790811975423 7.470649913832873 7.037981006755587 6.862792867162388 6.882822255570201 6.519677673060467 6.54352389768967 6.764646533662818 7.18845161503881 6.574884576068013 6.943278980253024 6.815141853641941 6.5139475426071485 6.242733473771936 6.9720670750860565 7.36614453323425 6.024559710275802 7.081973016193492 6.50716798201782 6.924125343925789 7.283775571223377 
36 1800 7.423149551872631 3 20 7.890461232925468 7.290485399284433 7.9443423933582125 7.383148944957723 7.7143742860348095 7.199628595062729 7.209141271432459 7.164187693123269 6.6209726446385515 6.781818352635531 6.9335499387172765 7.399507438594894 6.688120432545862 7.148107017952055 7.074049681468691 6.645537427993063 6.381086935253515 7.153768419877754 7.586712214115293 6.128016406096082 7.284991525526154 6.652282490664774 7.162902219777044 7.4841627165755815 
37 1850 7.286678977912197 3 20 7.755176183869877 7.164604592883517 7.816269405328518 7.229012978845797 7.512727398726626 7.027944909417214 7.085865487370442 7.021915008461194 6.419861769326413 6.658808539974912 6.780550615134493 7.324670666604472 6.492639784810815 7.036805356260098 6.914037458489906 6.464457689427215 6.274424442397294 7.011001363072147 7.440599253417515 5.948430189531551 7.09090965382399 6.504069789061 7.025882141937992 7.348189723867711 
38 1900 6.795414309713583 3 20 7.166911899854171 6.6920726522274245 7.279591551071589 6.6514829854246384 7.048545268762279 6.586734435696983 6.566699045627963 6.533573830472227 5.943401177562184 6.178206382851868 6.317266148389914 6.802970334905994 5.973336207827476 6.5216034115310135 6.414183002425079 5.944817260190115 5.84770060669079 6.511860081844365 6.961873021842598 5.476392175078133 6.566123554485627 6.068088243931522 6.4775544111997965 6.820124140033275 
39 1950 6.450074135677657 3 20 6.801101052245391 6.322670013969571 6.945053817052739 6.36335238413184 6.714322357146741 6.262543011937077 6.243575480057947 6.252969055432309 5.561432239962419 5.832817015285585 5.999622556705647 6.557867022852235 5.619567184988543 6.139950446221217 6.038227432466544 5.587530794858654 5.502903943376934 6.253708096763105 6.605923412688374 5.117174822926031 6.164674814179817 5.737209110851355 6.082265051673919 6.535909572095421 
40 2000 6.2062801362900615 3 20 6.500793659636859 6.035220653520081 6.636806273800279 6.155181496589004 6.418810901807005 5.9849267269245585 5.978452624780554 6.021237579285867 5.294714618386979 5.657601694945883 5.791842948278039 6.338594581727494 5.343735332978678 5.980199249118285 5.792642982319445 5.3140332534114245 5.279823092886629 6.0485233250729005 6.366441510868914 4.854305675622529 5.926085695943491 5.538022370657922 5.828295562115074 6.276644180702507 
41 2050 6.085801593421018 3 20 6.358191891382485 5.890357201857388 6.522971482108953 5.996141144762405 6.2412059285809685 5.789473305817184 5.899687576161744 5.876603072840737 5.158801608015018 5.5006853490084495 5.653512111772708 6.239190101267775 5.164498096682928 5.888296097306273 5.624068264639776 5.147992624915829 5.143639497325251 5.967200286328477 6.283467452318891 4.700313690628975 5.831302075986231 5.413688477048792 5.662786868073768 6.258875049880649 
42 2100 5.914741627641355 3 20 6.1267914412677795 5.7229364771136835 6.351571853003077 5.780332824760706 6.073931782740708 5.618688767332777 5.781692001152271 5.689546707130034 4.964720636780555 5.323432039801371 5.483007079724077 6.064948219643483 4.960661733341027 5.711872632075765 5.449672858867602 4.961874073918526 4.9910929096093355 5.860869034034061 6.048713722525156 4.502549500560958 5.669699868182764 5.262967536269592 5.494235394414128 6.073761246279946 
43 2150 5.812846714321778 3 20 5.956505710604566 5.630659378491371 6.213080931255197 5.649676995709646 5.977239672455064 5.5431280178131415 5.735122953460061 5.558765971732502 4.890309071911252 5.226196004155736 5.34104820995501 5.982428777192036 4.816111913288267 5.6189038690811115 5.344079400110926 4.851222419656924 4.882047979571218 5.770574210276832 6.070801248338335 4.369041411420808 5.563135062638471 5.161316576809662 5.390085003333371 5.937556795457556 
44 2200 5.963610567527999 3 20 6.057613300714728 5.772492413975888 6.34240256345422 5.752547899829887 6.103412241693299 5.684174533541875 5.896849451666343 5.737072476615282 4.961255567528975 5.3851109465999105 5.419876380484701 6.126525415786358 4.875040642694142 5.818683687899494 5.461210428221822 4.93924843157641 4.990200355855762 5.8694818444337935 6.206017238775525 4.417529934539907 5.742581799090479 5.285226672661788 5.577715331541542 6.034156958625049 
45 2250 5.626734451744482 3 20 5.743316676265623 5.45518313395828 5.978652352519973 5.412693176649919 5.743868088786575 5.348095060844944 5.544299957319581 5.414589398993385 4.672923535439875 5.1194356694517955 5.071236239029832 5.746762380003659 4.549953033971769 5.529893452404668 5.14118483440676 4.604597504428445 4.703803492023752 5.527026240160192 5.8557505789931605 4.126962543235071 5.412265536756482 4.963960178402825 5.261011648180838 5.711930378684758 
46 2300 5.6660511398361155 3 20 5.76437276506087 5.508971109814019 6.039614046987126 5.479411343680157 5.73328635634704 5.414323187322931 5.554824860719357 5.446052492605011 4.657994069245591 5.132782089841279 5.0975300166077835 5.817844241489537 4.528148905748769 5.543971558972361 5.179793445193126 4.608084085473469 4.761546994005341 5.554463932624908 5.999412289795749 4.1166243419474995 5.402927866726323 5.00163575097435 5.283062233989479 5.748277981706674 
47 2350 5.89862193889923 3 20 5.966748588446347 5.754324200988745 6.247321003804993 5.69324604195173 5.943159806660426 5.604042830243199 5.819238398395405 5.60481600397594 4.820245990296743 5.352476136286141 5.330671364597734 6.149733390601627 4.645445418072632 5.8309937729842645 5.376263435991611 4.74756359673342 4.904959032539687 5.850699559286857 6.19300739377138 4.234825424568675 5.574585238290334 5.174903274555647 5.474470338014921 5.994703578492418 
48 2400 6.080156315682257 3 20 6.090683002010179 5.956063750238269 6.411633911691015 5.88113608989141 6.147369850246438 5.853088962287036 5.975774307733932 5.741027480453009 4.931905096617103 5.462391292967462 5.452588542775385 6.293266269987684 4.726908565878305 6.038905681775355 5.516796237601107 4.852765561963405 5.099961831488431 6.073273698447768 6.35390916012735 4.306615810180881 5.743823623911497 5.399207941776003 5.678780007737833 6.121868800435844 
49 2450 5.74494896955445 3 20 5.833419337257023 5.5952539538635335 6.063692791013807 5.558809835767568 5.796755070453846 5.540665793339256 5.705131358619829 5.446310936484983 4.616005812214916 5.118618235226846 5.1692243060875995 5.98116456271559 4.407024928222205 5.729240979752578 5.198462539995132 4.558491409748113 4.8045446511283965 5.7476539608230395 5.972233461048371 4.007899645693552 5.386952665018805 5.091867404877875 5.303795770336091 5.761050691298962 
50 2500 5.401793459534724 3 20 5.408445350876183 5.236583826746352 5.786595966985397 5.237659868478855 5.42293654727737 5.223824258179194 5.354176459616439 5.135689411442284 4.296460967533131 4.799039342968037 4.841745580539739 5.637979240166746 4.099546623321686 5.408914441199048 4.819950220694684 4.251722597584058 4.4918986774532454 5.353469162514358 5.645248318408549 3.728501476962409 5.052451716282634 4.784024429879753 4.971846481226541 5.440949122365977 
51 2550 5.487648168529087 3 20 5.442521160849613 5.275924206363945 5.84420189704873 5.309422824962922 5.474337752562655 5.250412189618839 5.409482361958135 5.372792403128733 4.318831733391656 4.923953492473102 4.980175064387682 5.72150677836593 4.105154356413238 5.548711269300004 4.887925234505927 4.289838027061858 4.557470041441041 5.413627706914735 5.774967899205487 3.7328313156776036 5.118582773196597 4.828275447030526 5.123363553146199 5.490223801064238 
52 2600 5.411492849595713 3 20 5.469261813925582 5.156789989988078 5.759417225377235 5.343259669486723 5.361753054785259 5.126249228342617 5.297722468395197 5.306691491240553 4.233699710006919 4.916127767190148 4.880517464591665 5.585494813950214 3.9981311920463836 5.447213160613571 4.768357647955255 4.193113023106885 4.455767732527967 5.361627886414455 5.673456956125433 3.6409428217051354 5.082015829277584 4.7489891680312 5.08770403367138 5.427995796160939 
53 2650 5.534672860065797 3 20 5.621259993099105 5.268812555839274 5.8854136147619345 5.480295768861712 5.43732701179847 5.219907242993531 5.395203164208124 5.414010060249017 4.288725700246619 4.993000700817495 5.004154444176814 5.707349727605633 4.030582373138773 5.53477077271006 4.831604549208046 4.243385726664594 4.600292879925592 5.49038247431683 5.775751151936533 3.6835639433665808 5.252277408023261 4.8416441538299955 5.211281183337126 5.584962738052243 
54 2700 5.481387952052783 3 20 5.57750167444269 5.221633612959149 5.827551129652673 5.5352256738643515 5.358495523192875 5.165556515261616 5.323779675309533 5.317517726241115 4.205790542979702 4.928819411508964 5.004865214008509 5.619426532175124 3.958100648532609 5.435949071812167 4.808445916825358 4.1758502916708515 4.556578464855392 5.542437664403558 5.733967790162237 3.5999438072848355 5.180193263967492 4.781766114793039 5.216614469047507 5.528532141073971 
55 2750 5.230326129037171 3 20 5.335760711356313 4.928029026413653 5.529922111307948 5.249749712015154 5.068273443875195 4.890875070858754 5.027161853926519 5.0552780006942974 3.9979153605861697 4.676653874986898 4.723075206552231 5.375405496572878 3.7228557947450542 5.134960939950415 4.561742216048655 3.9530479060843597 4.306439080482801 5.334022283198971 5.4776880170008235 3.404413071195154 4.933576817300157 4.524795232414155 5.000222251711471 5.401868332579826 
56 2800 5.016326974217788 3 20 5.07627545541269 4.768549898756985 5.289942590947879 5.011239475623544 4.806727288158104 4.656708625231215 4.802540827080114 4.8391613504286335 3.8199057629709787 4.4838628798438585 4.527639003828667 5.162388410821057 3.52740665927468 4.880220058307645 4.344086167586313 3.766961680392267 4.150492988593848 5.096297768832839 5.2198039878367455 3.23960853982776 4.703137276764227 4.307916693905792 4.762219451393292 5.175337228580192 
57 2850 4.957253359677524 3 20 4.96958376287134 4.753668167609421 5.178317643739761 4.979646980142184 4.753679194435883 4.608564348081093 4.712230621445111 4.805573609775296 3.782598611508547 4.385494995235859 4.5213316824856244 5.078553427706291 3.439427850446878 4.777137833884309 4.337059449885881 3.6841618315642646 4.111677660475085 5.058177848466341 5.16019512463449 3.158027237890349 4.618698050538866 4.222570334253414 4.693521526057061 5.079128132991671 
58 2900 4.505180823279823 3 20 4.535997464536942 4.336773618926329 4.692309310424932 4.540076775795892 4.299270063931512 4.177258478349621 4.284128684130005 4.4268364610539805 3.4330899225563187 3.9438838454025102 4.186928804729942 4.576347550762026 3.0993071279361093 4.336963380028052 3.922121299237746 3.3118119567810607 3.787961863531646 4.581754169010316 4.659289359957699 2.8457202546023637 4.1913862368747985 3.850743467554431 4.255049613194252 4.59987380596597 
59 2950 4.328296866848108 3 20 4.405307446911984 4.150890305889363 4.487355843594423 4.374954907662148 4.10088874370653 4.026637502999497 4.068900033301387 4.21755593703887 3.2719771112035194 3.777922301327643 4.014635746029955 4.398429138431616 2.938971302366154 4.1442117010852115 3.7519141101222493 3.145543437292745 3.622115712346504 4.390456925068301 4.472948515845633 2.7066530014434163 4.000017532010042 3.67919791920757 4.09914508166658 4.389794402153208 
60 3000 3.759516465663181 3 20 3.801672133479382 3.618015327421253 3.8869084866858077 3.785757100770547 3.568446870182587 3.479939241841984 3.5195093102409745 3.676528994537522 2.817349900431567 3.270325896591825 3.497564751628508 3.81466954314841 2.5144345908517782 3.592588075579905 3.2732496043822943 2.7365995028206873 3.172219428738664 3.7774263161736488 3.8520243146322843 2.324794989066239 3.4715743320167336 3.16697561996378 3.549594866757119 3.830686925171508 
61 3050 3.745501246123422 3 20 3.7721628392711115 3.6181344986166017 3.868045255320969 3.7367504644149783 3.5535895744426256 3.4711001693962094 3.504652324096696 3.6580727077783743 2.8363033721696547 3.253827216101103 3.5270585634723375 3.792203207450995 2.4668995657074047 3.5531492759723493 3.2604641574882094 2.7309537311623466 3.1458920488104036 3.79009658959607 3.838585353763035 2.2819920628754606 3.4745921415068524 3.124758698283419 3.5232967899557597 3.8306859135662994 
62 3100 3.4317978334831727 3 20 3.4574977309440538 3.3033421332152924 3.532469415375652 3.4071266770864805 3.2653304439954245 3.1612581370433444 3.2090891307631466 3.3389499379142524 2.596034693090084 2.9781407579004537 3.225658714034597 3.4783781543419456 2.234921272417802 3.262359650248488 3.012941777418628 2.4911408577093366 2.8576150694609805 3.4700784169564964 3.5031111103791686 2.0736897168954695 3.190841152637541 2.8426937068083156 3.2087580483990608 3.494470609250254 
63 3150 3.228732724749015 3 20 3.2344964329078896 3.1232318429104913 3.3143380702314764 3.2253211143194407 3.0337404810354114 2.9559598954955812 3.0401577520310537 3.116077248728842 2.457206089690294 2.7889079565949424 3.0823597776254403 3.297321234658213 2.0704439263966368 3.065359220763933 2.837106744593711 2.348149815476122 2.698500606290909 3.268541361599989 3.279308530692198 1.9363834526975152 3.0158067600963605 2.6544357428114718 3.0066719267343305 3.2664816331080995 
64 3200 3.1102045193209524 3 20 3.116910558076212 2.9892288675190968 3.171033219032155 3.1261542731059992 2.9122325110310108 2.8374150212860543 2.9249837788194233 3.0229812809516243 2.378504406063703 2.691153202201889 2.9703673316473815 3.143027796012847 1.969880289509168 2.9519597521432206 2.7522936079955964 2.2607405643090472 2.612698313519036 3.1548485858833866 3.1456732707425172 1.8422225395214717 2.890304527526055 2.54352701281507 2.8600208944186964 3.1448385528291145 
65 3250 3.1470260286986766 19 20 3.178338900063371 3.0153298077438704 3.204835791526788 3.195326575946276 2.9514212572707987 2.872917397756809 2.9574942229368313 3.021267107759109 2.438696694589464 2.7087644334525645 3.0302344061802478 3.1505656579476673 1.9654003992853806 2.966295373852486 2.817116214962233 2.26800775792237 2.646516175893848 3.18587581584844 3.2240500612394074 1.8468375615863581 2.9627962930304292 2.576668740137701 2.8882871728533557 3.189723171569007 
66 3300 3.018854356224749 1 20 3.091500892669859 2.9028393359185705 3.085461851235242 3.0815925764473344 2.839846590959858 2.7596698903212813 2.8484344059953126 2.8833709438556894 2.3385998095831977 2.585500801517303 2.9025574267650405 3.0119982266304164 1.8677332796490858 2.853738606227977 2.693982499074373 2.189363733977628 2.535637534122129 3.047625887685592 3.0828944518071713 1.753080435123717 2.8511240255329358 2.4568051827306245 2.7622651163797354 3.052809753505002 
67 3350 2.826226329630313 1 20 2.9167239400859635 2.7738252188613415 2.8933202206698305 2.887338136592144 2.6431768517244105 2.5769708578006107 2.6742769958286847 2.69417252136397 2.1897263939197247 2.4072857542030133 2.680399624804287 2.837468645196222 1.7296952287107479 2.6864389024859183 2.518741223254445 2.0399337223686724 2.348037300651044 2.854027506622874 2.8851366214154943 1.6263106227519672 2.675812598379229 2.291733978960089 2.589943969209397 2.8470225062033307 
68 3400 2.8190704381682075 3 20 2.8993800680728863 2.748275008682964 2.9158716100355435 2.907731441156507 2.657215623702324 2.5558617475141867 2.6556137621665132 2.6949595517703626 2.1667455599429686 2.380928096277193 2.6683547485117733 2.804690667012668 1.7012101398437627 2.698224930573534 2.516676920487873 2.0265494638351775 2.3382971539883997 2.846838354599091 2.8975874406911646 1.6032082911561145 2.6913002738449245 2.277312735668984 2.5915805480722254 2.822005769525015 
69 3450 2.8298354139859283 19 20 2.9006358859512895 2.7607104210790214 2.9176375853746275 2.9058278278311316 2.6642098463655968 2.549546038673445 2.6770157121704115 2.6854910272686476 2.179119699224754 2.387686134236383 2.6713171986614137 2.806112014814394 1.6825776353367072 2.722766444250835 2.513999153367772 2.0299220985609012 2.3827429355889613 2.8575778996345673 2.923482540333484 1.5940923634223358 2.6827758955860452 2.275543414980237 2.609045603276647 2.8578415175680374 
70 3500 2.711798912801106 1 20 2.7998541946028634 2.6269277361201326 2.783934781901823 2.7690545422085173 2.5417632796592926 2.4464886449548797 2.5585098627240566 2.5658002616814164 2.080435371453799 2.271276575037122 2.5590277308148526 2.6659201305136 1.596686013252618 2.601334788861642 2.408933103133853 1.9525288625678308 2.2757410647898175 2.737440095449968 2.7923974673815355 1.5189891567565814 2.5500748353506326 2.1803848653286386 2.4794456991723433 2.7250370428237454 
71 3550 2.6368624663659626 19 20 2.7055942367777948 2.548632539626832 2.7023700094245875 2.679283310843048 2.467480928291463 2.378358917301176 2.477773206397383 2.483658656953429 2.0230232375984945 2.2197440235135444 2.4945579993194142 2.5673459785839596 1.5336627709045076 2.551529353814816 2.3240675363346894 1.9165277897645971 2.2161086353334625 2.6437403808938194 2.714584450356945 1.464205059483594 2.477685970822202 2.112044927476602 2.395170134545223 2.6363835515279903 
72 3600 2.4561110103997503 1 20 2.517514784746214 2.363061097951707 2.5099163217083245 2.4810212235571103 2.284408111019223 2.2300330008326554 2.2960469959295384 2.2912401280748522 1.8857577490225232 2.0575629521419407 2.304779564715097 2.392605883630845 1.4075078591644397 2.37540023955282 2.1727494827780185 1.7696813790142885 2.052209277732854 2.4468606526354746 2.5157638534870257 1.3547964882943082 2.304996292881517 1.9757870073135708 2.2284988297890522 2.4459439264394423 
73 3650 2.2468313929286063 3 20 2.280372218134129 2.1723541941000604 2.317066663441417 2.2715601944628525 2.0843022210690902 2.027371222251279 2.1127183183840956 2.1144035158884855 1.7350612218270505 1.876937085431262 2.133905916071288 2.1935910645488486 1.2707102329444346 2.167763109757923 1.9950844676443498 1.6139877419831212 1.8718922128236686 2.2474873486336753 2.292885781410527 1.2264598900270467 2.118640972463533 1.8030031219393878 2.043826652236556 2.228108000751042 
74 3700 2.2054797005256574 3 20 2.248786362366325 2.1377843825481246 2.2503280499594203 2.216899711611358 2.0385820144652995 1.9793627577926907 2.0732577528433827 2.0773187254720793 1.6968402671805385 1.8256413591202876 2.0823338780936127 2.1290545830567877 1.230679871515839 2.1319088049297967 1.9504360640602856 1.5921772139767936 1.8376297033791498 2.190429197392272 2.2360393061769184 1.1894088598927135 2.075277242684694 1.7838109645224336 1.9916321086036755 2.1972055170869536 
75 3750 2.152823017627602 3 20 2.1725036343416537 2.0703083218050913 2.210823850912061 2.1541051988112154 1.9756300750993652 1.9429840216146534 2.0552644504888864 2.02719646094832 1.6725238948848544 1.7993330611596672 2.036253174871041 2.0789341055044894 1.1873356081839126 2.0655647683677962 1.8916547903684668 1.5496096784192859 1.78590695859221 2.1444783087721055 2.179475154192278 1.1500704127995647 2.016284711744063 1.723047851641638 1.9391475662226334 2.1475290760150005 
76 3800 2.0774954471576934 3 20 2.0958390577749375 1.9929214797275165 2.1316454856582596 2.096347144904153 1.9136244581900064 1.8628100449025582 1.9831915227398542 1.9347777354518538 1.6172602444647004 1.7302055932132903 1.954693999880435 1.9921632341368427 1.1304736951422996 1.9987218757370036 1.8318240226087534 1.495594468368138 1.7379868672558705 2.0564305484143772 2.1059509951703803 1.0945396610625884 1.9742160891363925 1.6599506550672787 1.8728318942393163 2.069682818482038 
77 3850 2.07969637266624 3 20 2.0997888753850784 1.984106445005406 2.1522496622873084 2.0868126559977807 1.9035275588499039 1.844767903481809 1.9709056519048722 1.9359024239556084 1.6073539358118232 1.7261509699730873 1.9540770126862792 1.9830850229841912 1.1198832343418665 2.0052984015879267 1.8529422133906626 1.4826982183011228 1.741577958536406 2.047338488738514 2.099978600262021 1.0863156864007615 1.9658692869050618 1.641020891455754 1.877688978942967 2.058438990113736 
78 3900 1.9971409758116847 3 20 2.0026050555051538 1.9082570956619058 2.05967954326433 1.9996082068982814 1.8176285853453868 1.7678573023695185 1.9013883663811224 1.8467764979210448 1.5401449055931595 1.648084944439449 1.883695638759229 1.8899716002090428 1.062487230174857 1.9262458710531634 1.7867419597232341 1.4221794611279832 1.6589771375161746 1.9806280195852013 2.009455368693353 1.0300353502301052 1.8957180132481155 1.5755237952031655 1.788649968670722 2.0015494170336305 
79 3950 1.9991339402654522 3 20 1.9899607963188017 1.9103500154534552 2.094657347531929 2.000183782043712 1.8120873863627693 1.7716569156847763 1.8923506460609587 1.8332601870353622 1.5291715906403793 1.648729827572704 1.9038142448324635 1.8921286334584715 1.0497270756687882 1.9257338875473053 1.775427478927629 1.4224379760937274 1.6570542094085872 1.9819147517394835 2.0056774476975434 1.026582154973281 1.895897267928118 1.5791394887440657 1.7871444250454271 2.005141466129194 
80 4000 1.8944971169347145 3 20 1.88372764275147 1.832479865808512 1.9751552231601164 1.8765926687918348 1.7164130216798499 1.6736573269708739 1.809236910508356 1.7504253331119468 1.4529422498675866 1.5744895490180333 1.8267021895581714 1.7919649590337816 0.9828638131297713 1.8172947742889773 1.6896387404953646 1.3330045559861576 1.5660807466131714 1.88593893619748 1.9155584200972842 0.9664278592910068 1.8015799660379754 1.4857212808485414 1.6926233406343385 1.9116441235126134 
81 4050 1.911422542233638 3 20 1.885819903586187 1.879313273984023 1.9821774664340748 1.8968889842917713 1.7424600686961733 1.6858389819739654 1.8612026444313026 1.755176328984222 1.4543381055920905 1.5966035651113235 1.8546789128454393 1.8146583085412713 0.9849636520294333 1.8417659307418826 1.7337669783566854 1.3354459519378912 1.5934807310247685 1.8994481224364792 1.9504051654630692 0.9673730131803918 1.834137115216094 1.4913842767775543 1.6961468731603395 1.9292916637633784 
82 4100 1.7978299697299773 3 20 1.766574001556842 1.7538108635592435 1.8703428878414465 1.7795554961279927 1.640958674142309 1.5891352888455454 1.757645422946531 1.640499724632772 1.3810377481440257 1.509439931094875 1.7361894199337276 1.7137074699603674 0.9186227378036458 1.7483531249095672 1.6318538295575862 1.2542498500920007 1.4977267806252952 1.7888415317925417 1.8266806588820421 0.9030912262544339 1.718095352831571 1.3920639935403807 1.5961399038564354 1.823075592931277 
83 4150 1.704206055173217 3 20 1.6693124877376753 1.6486310825581993 1.7649191319792252 1.677872880199147 1.5841357319207217 1.5084338785197677 1.6716160844634838 1.5564231042058052 1.3010787792891119 1.4140722414415676 1.6511549121844302 1.6251164405159715 0.8641750487680161 1.6564502053571735 1.550160537795377 1.1846100476198 1.430999336137926 1.7041401322507046 1.7399601700648812 0.8539155357403861 1.621294348531105 1.312919362145252 1.5157187826725131 1.7150127546703395 
84 4200 1.544575380913003 3 20 1.5145336881613687 1.4958601604273989 1.598595925108005 1.5263730542351845 1.4516752943536955 1.3738317061809544 1.5197843398249364 1.4071923900447112 1.1771777869583362 1.2908792784759096 1.4847450455610889 1.481793208918616 0.7750198414075831 1.5159995230018253 1.397025702543708 1.0750457134610754 1.2933476902644725 1.5492930936960578 1.5788318669501085 0.7649469008189572 1.4723386805211358 1.1842016413493617 1.3747584976528795 1.5520543255261179 
